12.835031986236572  : 68 20 df 68 01 01 36 07 16
13.452303647994995  : 68 20 df 68 01 01 36 07 16
13.485716819763184  : 68 20 df 68 81 10 80 88 64 66 67 6b 65 75 67 65 68 64 63 6c 6a 64 13 16
13.510769128799438  : 68 20 df 68 05 02 4f b9 de 16
13.618565797805786  : 68 20 df 68 02 02 38 3b 46 16
13.650237083435059  : 68 20 df 68 82 0c 63 59 6f 34 33 4c 33 33 33 33 3b 33 75 16
13.672107458114624  : 68 31 ce 68 02 02 60 42 75 16
13.704823732376099  : 68 31 ce 68 82 0f 35 48 33 33 33 33 97 33 33 33 51 51 51 51 50 6d 16
13.748124361038208  : 68 10 ef 68 04 0f 37 33 34 33 34 33 33 33 33 33 97 33 33 34 33 4a 16
13.773167133331299  : 68 10 ef 68 84 01 34 88 16
13.827012538909912  : 68 20 df 68 02 02 38 3b 46 16
13.849131345748901  : 68 20 df 68 82 0c 63 59 6f 34 33 4c 33 33 33 33 3b 33 75 16
13.880873680114746  : 68 31 ce 68 02 02 60 42 75 16
13.902151107788086  : 68 31 ce 68 82 0f 35 48 33 33 33 33 97 33 33 33 51 51 51 51 50 6d 16
13.948860883712769  : 68 10 ef 68 04 0f 37 33 34 33 34 33 33 33 33 33 97 33 33 34 33 4a 16
13.980867862701416  : 68 10 ef 68 84 01 34 88 16
14.022931814193726  : 68 20 df 68 02 02 38 3b 46 16
14.04447317123413   : 68 20 df 68 82 0c 63 59 6f 34 33 4c 33 33 33 33 3b 33 75 16
14.07627272605896   : 68 31 ce 68 02 02 60 42 75 16
14.108466625213623  : 68 31 ce 68 82 0f 35 48 33 33 33 33 97 33 33 33 51 51 51 51 50 6d 16
14.15129017829895   : 68 10 ef 68 04 0f 37 33 34 33 34 33 33 33 33 33 97 33 33 34 33 4a 16
14.183330535888672  : 68 10 ef 68 84 01 34 88 16
14.225979328155518  : 68 20 df 68 02 02 38 3b 46 16
14.247841596603394  : 68 20 df 68 82 0c 63 59 6f 34 33 4c 33 33 33 33 3b 33 75 16
14.270205736160278  : 68 31 ce 68 02 02 60 42 75 16
14.303122997283936  : 68 31 ce 68 82 0f 35 48 33 33 33 33 97 33 33 33 51 51 51 51 50 6d 16
14.341474294662476  : 68 10 ef 68 04 0f 37 33 34 33 34 33 33 33 33 33 97 33 33 34 33 4a 16
14.384015083312988  : 68 10 ef 68 84 01 34 88 16
14.419812202453613  : 68 20 df 68 02 02 38 3b 46 16
14.447720289230347  : 68 20 df 68 82 0c 63 59 6f 34 33 4c 33 33 33 33 3b 33 75 16
14.46927547454834   : 68 31 ce 68 02 02 60 42 75 16
14.501475811004639  : 68 31 ce 68 82 0f 35 48 33 33 33 33 97 33 33 33 51 51 51 51 50 6d 16
14.543750047683716  : 68 10 ef 68 04 0f 37 33 34 33 34 33 33 33 33 33 97 33 33 34 33 4a 16
14.586474657058716  : 68 10 ef 68 84 01 34 88 16
14.619731903076172  : 68 20 df 68 02 02 38 3b 46 16
14.652075290679932  : 68 20 df 68 82 0c 63 59 6f 34 33 4c 33 33 33 33 3b 33 75 16
14.673316717147827  : 68 31 ce 68 02 02 60 42 75 16
14.705066442489624  : 68 31 ce 68 82 0f 35 48 33 33 33 33 97 33 33 33 51 51 51 51 50 6d 16
14.747757196426392  : 68 10 ef 68 04 0f 37 33 34 33 34 33 33 33 33 33 97 33 33 34 33 4a 16
14.789583683013916  : 68 10 ef 68 84 01 34 88 16
14.821188688278198  : 68 20 df 68 02 02 38 3b 46 16
14.853013515472412  : 68 20 df 68 82 0c 63 59 6f 34 33 4c 33 33 33 33 3b 33 75 16
14.874435901641846  : 68 31 ce 68 02 02 60 42 75 16
14.905748844146729  : 68 31 ce 68 82 0f 35 48 33 33 33 33 97 33 33 33 51 51 51 51 50 6d 16
14.948092699050903  : 68 10 ef 68 04 0f 37 33 34 33 34 33 33 33 33 33 97 33 33 34 33 4a 16
14.971853733062744  : 68 10 ef 68 84 01 34 88 16
15.02447247505188   : 68 20 df 68 02 02 38 3b 46 16
15.04621696472168   : 68 20 df 68 82 0c 63 59 6f 34 33 4c 33 33 33 33 3b 33 75 16
15.078055381774902  : 68 31 ce 68 02 02 60 42 75 16
15.109663486480713  : 68 31 ce 68 82 0f 35 48 33 33 33 33 97 33 33 33 51 51 51 51 50 6d 16
15.142244100570679  : 68 10 ef 68 04 0f 37 33 34 33 34 33 33 33 33 33 97 33 33 34 33 4a 16
15.163825988769531  : 68 10 ef 68 84 01 34 88 16
15.217756986618042  : 68 20 df 68 02 02 38 3b 46 16
15.253232717514038  : 68 20 df 68 82 0c 63 59 6f 34 33 4c 33 33 33 33 3b 33 75 16
15.270446062088013  : 68 31 ce 68 02 02 60 42 75 16
15.303014755249023  : 68 31 ce 68 82 0f 35 48 33 33 33 33 97 33 33 33 51 51 51 51 50 6d 16
15.346291780471802  : 68 10 ef 68 04 0f 37 33 34 33 34 33 33 33 33 33 97 33 33 34 33 4a 16
15.367278814315796  : 68 10 ef 68 84 01 34 88 16
15.42021632194519   : 68 20 df 68 02 02 38 3b 46 16
15.4531991481781    : 68 20 df 68 82 0c 63 59 6f 34 33 4c 33 33 33 33 3b 33 75 16
15.470314502716064  : 68 31 ce 68 02 02 60 42 75 16
15.504825830459595  : 68 31 ce 68 82 0f 35 48 33 33 33 33 97 33 33 33 51 51 51 51 50 6d 16
15.547714233398438  : 68 10 ef 68 04 0f 37 33 34 33 34 33 33 33 33 33 97 33 33 34 33 4a 16
15.586363077163696  : 68 10 ef 68 84 01 34 88 16
15.620310068130493  : 68 20 df 68 02 02 38 3b 46 16
15.652825117111206  : 68 20 df 68 82 0c 63 59 6f 34 33 4c 33 33 33 33 3b 33 75 16
15.67415976524353   : 68 31 ce 68 02 02 60 42 75 16
15.706238985061646  : 68 31 ce 68 82 0f 35 48 33 33 33 33 97 33 33 33 51 51 51 51 50 6d 16
15.7487633228302    : 68 10 ef 68 04 0f 37 33 34 33 34 33 33 33 33 33 97 33 33 34 33 4a 16
15.781551837921143  : 68 10 ef 68 84 01 34 88 16
15.825244426727295  : 68 20 df 68 02 02 38 3b 46 16
15.84664249420166   : 68 20 df 68 82 0c 63 59 6f 34 33 4c 33 33 33 33 3b 33 75 16
15.878695487976074  : 68 31 ce 68 02 02 60 42 75 16
15.900476455688477  : 68 31 ce 68 82 0f 35 48 33 33 33 33 97 33 33 33 51 51 51 51 50 6d 16
15.942385911941528  : 68 10 ef 68 04 0f 37 33 34 33 34 33 33 33 33 33 97 33 33 34 33 4a 16
15.97423505783081   : 68 10 ef 68 84 01 34 88 16
16.017326831817627  : 68 20 df 68 02 02 38 3b 46 16
16.049574851989746  : 68 20 df 68 82 0c 63 59 6f 34 33 4c 33 33 33 33 3b 33 75 16
16.071150541305542  : 68 31 ce 68 02 02 60 42 75 16
16.103557586669922  : 68 31 ce 68 82 0f 35 48 33 33 33 33 97 33 33 33 51 51 51 51 50 6d 16
16.15293312072754   : 68 10 ef 68 04 0f 37 33 34 33 34 33 33 33 33 33 97 33 33 34 33 4a 16
16.186415672302246  : 68 10 ef 68 84 01 34 88 16
16.219100952148438  : 68 20 df 68 02 02 38 3b 46 16
16.25150156021118   : 68 20 df 68 82 0c 63 59 6f 34 33 4c 33 33 33 33 3b 33 75 16
16.273147344589233  : 68 31 ce 68 02 02 60 42 75 16
16.306984424591064  : 68 31 ce 68 82 0f 35 48 33 33 33 33 97 33 33 33 51 51 51 51 50 6d 16
16.3498477935791    : 68 10 ef 68 04 0f 37 33 34 33 34 33 33 33 33 33 97 33 33 34 33 4a 16
16.386388540267944  : 68 10 ef 68 84 01 34 88 16
16.418565034866333  : 68 20 df 68 02 02 38 3b 46 16
16.450634479522705  : 68 20 df 68 82 0c 63 59 6f 34 33 4c 33 33 33 33 3b 33 75 16
16.472408771514893  : 68 31 ce 68 02 02 60 42 75 16
16.504422664642334  : 68 31 ce 68 82 0f 35 48 33 33 33 33 97 33 33 33 51 51 51 51 50 6d 16
16.546996116638184  : 68 10 ef 68 04 0f 37 33 34 33 34 33 33 33 33 33 97 33 33 34 33 4a 16
16.58890438079834   : 68 10 ef 68 84 01 34 88 16
16.62070918083191   : 68 20 df 68 02 02 38 3b 46 16
16.652953147888184  : 68 20 df 68 82 0c 63 59 6f 34 33 4c 33 33 33 33 3b 33 75 16
16.670430898666382  : 68 31 ce 68 02 02 60 42 75 16
16.702929496765137  : 68 31 ce 68 82 0f 35 48 33 33 33 33 97 33 33 33 51 51 51 51 50 6d 16
16.747310876846313  : 68 10 ef 68 04 0f 37 33 34 33 34 33 33 33 33 33 97 33 33 34 33 4a 16
16.789693593978882  : 68 10 ef 68 84 01 34 88 16
16.82139229774475   : 68 20 df 68 02 02 38 3b 46 16
16.843289613723755  : 68 20 df 68 82 0c 63 59 6f 34 33 4c 33 33 33 33 3b 33 75 16
16.874779224395752  : 68 31 ce 68 02 02 60 42 75 16
16.908098220825195  : 68 31 ce 68 82 0f 35 48 33 33 33 33 97 33 33 33 51 51 51 51 50 6d 16
16.9405574798584    : 68 10 ef 68 04 0f 37 33 34 33 34 33 33 33 33 33 97 33 33 34 33 4a 16
16.961999893188477  : 68 10 ef 68 84 01 34 88 16
17.019073724746704  : 68 20 df 68 02 02 38 3b 46 16
17.04429864883423   : 68 20 df 68 82 0c 63 59 6f 34 33 4c 33 33 33 33 3b 33 75 16
17.079034566879272  : 68 31 ce 68 02 02 60 42 75 16
17.102993488311768  : 68 31 ce 68 82 0f 35 48 33 33 33 33 97 33 33 33 51 51 51 51 50 6d 16
17.14611005783081   : 68 10 ef 68 04 0f 37 33 34 33 34 33 33 33 33 33 97 33 33 34 33 4a 16
17.167447805404663  : 68 10 ef 68 84 01 34 88 16
17.22154402732849   : 68 20 df 68 02 02 38 3b 46 16
17.242594480514526  : 68 20 df 68 82 0c 63 59 6f 34 33 4c 33 33 33 33 3b 33 75 16
17.277583599090576  : 68 31 ce 68 02 02 60 42 75 16
17.298877716064453  : 68 31 ce 68 82 0f 35 48 33 33 33 33 97 33 33 33 51 51 51 51 50 6d 16
17.34174942970276   : 68 10 ef 68 04 0f 37 33 34 33 34 33 33 33 33 33 97 33 33 34 33 4a 16
17.373594522476196  : 68 10 ef 68 84 01 34 88 16
17.42660880088806   : 68 20 df 68 02 02 38 3b 46 16
17.448237895965576  : 68 20 df 68 82 0c 63 59 6f 34 33 4c 33 33 33 33 3b 33 75 16
17.48009157180786   : 68 31 ce 68 02 02 60 42 75 16
17.501029014587402  : 68 31 ce 68 82 0f 35 48 33 33 33 33 97 33 33 33 51 51 51 51 50 6d 16
17.54494881629944   : 68 10 ef 68 04 0f 37 33 34 33 34 33 33 33 33 33 97 33 33 34 33 4a 16
17.566198110580444  : 68 10 ef 68 84 01 34 88 16
17.61952567100525   : 68 20 df 68 02 02 38 3b 46 16
17.652023315429688  : 68 20 df 68 82 0c 63 59 6f 34 33 4c 33 33 33 33 3b 33 75 16
17.67371439933777   : 68 31 ce 68 02 02 60 42 75 16
17.70737862586975   : 68 31 ce 68 82 0f 35 48 33 33 33 33 97 33 33 33 51 51 51 51 50 6d 16
17.750232219696045  : 68 10 ef 68 04 0f 37 33 34 33 34 33 33 33 33 33 97 33 33 34 33 4a 16
17.771915197372437  : 68 10 ef 68 84 01 34 88 16
17.873903274536133  : 68 20 df 68 02 02 38 3b 46 16
17.873903274536133  : 68 20 df 68 82 0c 63 59 6f 34 33 4c 33 33 33 33 3b 33 75 16
17.873903274536133  : 68 31 ce 68 02 02 60 42 75 16
17.906972408294678  : 68 31 ce 68 82 0f 35 48 33 33 33 33 97 33 33 33 51 51 51 51 50 6d 16
17.942138671875     : 68 10 ef 68 04 0f 37 33 34 33 34 33 33 33 33 33 97 33 33 34 33 4a 16
17.97389316558838   : 68 10 ef 68 84 01 34 88 16
18.02704620361328   : 68 20 df 68 02 02 38 3b 46 16
18.05284571647644   : 68 20 df 68 82 0c 63 59 6f 34 33 4c 33 33 33 33 3b 33 75 16
18.075095176696777  : 68 31 ce 68 02 02 60 42 75 16
18.1073215007782    : 68 31 ce 68 82 0f 35 48 33 33 33 33 97 33 33 33 51 51 51 51 50 6d 16
18.149879693984985  : 68 10 ef 68 04 0f 37 33 34 33 34 33 33 33 33 33 97 33 33 34 33 4a 16
18.171710729599     : 68 10 ef 68 84 01 34 88 16
18.21750497817993   : 68 20 df 68 02 02 38 3b 46 16
18.252814292907715  : 68 20 df 68 82 0c 63 59 6f 34 33 4c 33 33 33 33 3b 33 75 16
18.274925470352173  : 68 31 ce 68 02 02 60 42 75 16
18.29893398284912   : 68 31 ce 68 82 0f 35 48 33 33 33 33 97 33 33 33 51 51 51 51 50 6d 16
18.34160304069519   : 68 10 ef 68 04 0f 37 33 34 33 34 33 33 33 33 33 97 33 33 34 33 4a 16
18.374104261398315  : 68 10 ef 68 84 01 34 88 16
18.426944732666016  : 68 20 df 68 02 02 38 3b 46 16
18.4527804851532    : 68 20 df 68 82 0c 63 59 6f 34 33 4c 33 33 33 33 3b 33 75 16
18.470699071884155  : 68 31 ce 68 02 02 60 42 75 16
18.503631114959717  : 68 31 ce 68 82 0f 35 48 33 33 33 33 97 33 33 33 51 51 51 51 50 6d 16
18.553319931030273  : 68 10 ef 68 04 0f 37 33 34 33 34 33 33 33 33 33 97 33 33 34 33 4a 16
18.574690341949463  : 68 10 ef 68 84 01 34 88 16
18.61743140220642   : 68 20 df 68 02 02 38 3b 46 16
18.649384260177612  : 68 20 df 68 82 0c 63 59 6f 34 33 4c 33 33 33 33 3b 33 75 16
18.673071146011353  : 68 31 ce 68 02 02 60 42 75 16
18.70536780357361   : 68 31 ce 68 82 0f 35 48 33 33 33 33 97 33 33 33 51 51 51 51 50 6d 16
18.752988815307617  : 68 10 ef 68 04 0f 37 33 34 33 34 33 33 33 33 33 97 33 33 34 33 4a 16
18.774563789367676  : 68 10 ef 68 84 01 34 88 16
18.827816247940063  : 68 20 df 68 02 02 38 3b 46 16
18.849324464797974  : 68 20 df 68 82 0c 63 59 6f 34 33 4c 33 33 33 33 3b 33 75 16
18.870806217193604  : 68 31 ce 68 02 02 60 42 75 16
18.90276575088501   : 68 31 ce 68 82 0f 35 48 33 33 33 33 97 33 33 33 51 51 51 51 50 6d 16
18.952942848205566  : 68 10 ef 68 04 0f 37 33 34 33 34 33 33 33 33 33 97 33 33 34 33 4a 16
18.974018335342407  : 68 10 ef 68 84 01 34 88 16
19.01748752593994   : 68 20 df 68 02 02 38 3b 46 16
19.049682140350342  : 68 20 df 68 82 0c 63 59 6f 34 33 4c 33 33 33 33 3b 33 75 16
19.07147240638733   : 68 31 ce 68 02 02 60 42 75 16
19.103296995162964  : 68 31 ce 68 82 0f 35 48 33 33 33 33 97 33 33 33 51 51 51 51 50 6d 16
19.152716398239136  : 68 10 ef 68 04 0f 37 33 34 33 34 33 33 33 33 33 97 33 33 34 33 4a 16
19.17762804031372   : 68 10 ef 68 84 01 34 88 16
19.21980047225952   : 68 20 df 68 02 02 38 3b 46 16
19.244576930999756  : 68 20 df 68 82 0c 63 59 6f 34 33 4c 33 33 33 33 3b 33 75 16
19.27591300010681   : 68 31 ce 68 02 02 60 42 75 16
19.297385215759277  : 68 31 ce 68 82 0f 35 48 33 33 33 33 97 33 33 33 51 51 51 51 50 6d 16
19.33993101119995   : 68 10 ef 68 04 0f 37 33 34 33 34 33 33 33 33 33 97 33 33 34 33 4a 16
19.382858753204346  : 68 10 ef 68 84 01 34 88 16
19.41902470588684   : 68 20 df 68 02 02 38 3b 46 16
19.451688766479492  : 68 20 df 68 82 0c 63 59 6f 34 33 4c 33 33 33 33 3b 33 75 16
19.474520921707153  : 68 31 ce 68 02 02 60 42 75 16
19.507241010665894  : 68 31 ce 68 82 0f 35 48 33 33 33 33 97 33 33 33 51 51 51 51 50 6d 16
19.549803018569946  : 68 10 ef 68 04 0f 37 33 34 33 34 33 33 33 33 33 97 33 33 34 33 4a 16
19.585999011993408  : 68 10 ef 68 84 01 34 88 16
19.61829137802124   : 68 20 df 68 02 02 38 3b 46 16
19.646300077438354  : 68 20 df 68 82 0c 63 59 6f 34 33 4c 33 33 33 33 3b 33 75 16
19.67867350578308   : 68 31 ce 68 02 02 60 42 75 16
19.70024800300598   : 68 31 ce 68 82 0f 35 48 33 33 33 33 97 33 33 33 51 51 51 51 50 6d 16
19.7431583404541    : 68 10 ef 68 04 0f 37 33 34 33 34 33 33 33 33 33 97 33 33 34 33 4a 16
19.785303115844727  : 68 10 ef 68 84 01 34 88 16
19.824212551116943  : 68 20 df 68 02 02 38 3b 46 16
19.845689296722412  : 68 20 df 68 82 0c 63 59 6f 34 33 4c 33 33 33 33 3b 33 75 16
19.8773193359375    : 68 31 ce 68 02 02 60 42 75 16
19.908629179000854  : 68 31 ce 68 82 0f 35 48 33 33 33 33 97 33 33 33 51 51 51 51 50 6d 16
19.951313972473145  : 68 10 ef 68 04 0f 37 33 34 33 34 33 33 33 33 33 97 33 33 34 33 4a 16
19.983295917510986  : 68 10 ef 68 84 01 34 88 16
20.025832414627075  : 68 20 df 68 02 02 38 3b 46 16
20.047668933868408  : 68 20 df 68 82 0c 63 59 6f 34 33 4c 33 33 33 33 3b 33 75 16
20.069825172424316  : 68 31 ce 68 02 02 60 42 75 16
20.10282325744629   : 68 31 ce 68 82 0f 35 48 33 33 33 33 97 33 33 33 51 51 51 51 50 6d 16
20.145418405532837  : 68 10 ef 68 04 0f 37 33 34 33 34 33 33 33 33 33 97 33 33 34 33 4a 16
20.187997102737427  : 68 10 ef 68 84 01 34 88 16
20.21998357772827   : 68 20 df 68 02 02 38 3b 46 16
20.241390228271484  : 68 20 df 68 82 0c 63 59 6f 34 33 4c 33 33 33 33 3b 33 75 16
20.273052215576172  : 68 31 ce 68 02 02 60 42 75 16
20.30485510826111   : 68 31 ce 68 82 0f 35 48 33 33 33 33 97 33 33 33 51 51 51 51 50 6d 16
20.34762978553772   : 68 10 ef 68 04 0f 37 33 34 33 34 33 33 33 33 33 97 33 33 34 33 4a 16
20.381869316101074  : 68 10 ef 68 84 01 34 88 16
20.425234079360962  : 68 20 df 68 02 02 38 3b 46 16
20.45229434967041   : 68 20 df 68 82 0c 63 59 6f 34 33 4c 33 33 33 33 3b 33 75 16
20.473955392837524  : 68 31 ce 68 02 02 60 42 75 16
20.506811141967773  : 68 31 ce 68 82 0f 35 48 33 33 33 33 97 33 33 33 51 51 51 51 50 6d 16
20.548680782318115  : 68 10 ef 68 04 0f 37 33 34 33 34 33 33 33 33 33 97 33 33 34 33 4a 16
20.58324408531189   : 68 10 ef 68 84 01 34 88 16
20.625680208206177  : 68 20 df 68 02 02 38 3b 46 16
20.6480233669281    : 68 20 df 68 82 0c 63 59 6f 34 33 4c 33 33 33 33 3b 33 75 16
20.669753789901733  : 68 31 ce 68 02 02 60 42 75 16
20.702032566070557  : 68 31 ce 68 82 0f 35 48 33 33 33 33 97 33 33 33 51 51 51 51 50 6d 16
20.74452567100525   : 68 10 ef 68 04 0f 37 33 34 33 34 33 33 33 33 33 97 33 33 34 33 4a 16
20.78703022003174   : 68 10 ef 68 84 01 34 88 16
20.819101333618164  : 68 20 df 68 02 02 38 3b 46 16
20.851786136627197  : 68 20 df 68 82 0c 63 59 6f 34 33 4c 33 33 33 33 3b 33 75 16
20.88016128540039   : 68 31 ce 68 02 02 60 42 75 16
20.90159296989441   : 68 31 ce 68 82 0f 35 48 33 33 33 33 97 33 33 33 51 51 51 51 50 6d 16
20.944287061691284  : 68 10 ef 68 04 0f 37 33 34 33 34 33 33 33 33 33 97 33 33 34 33 4a 16
20.987081050872803  : 68 10 ef 68 84 01 34 88 16
21.018941640853882  : 68 20 df 68 02 02 38 3b 46 16
21.04741334915161   : 68 20 df 68 82 0c 63 59 6f 35 33 4c 33 33 33 33 3b 33 76 16
21.079756259918213  : 68 31 ce 68 02 02 60 42 75 16
21.10088849067688   : 68 31 ce 68 82 0f 35 48 33 33 33 33 97 33 33 33 51 51 51 51 50 6d 16
21.144190788269043  : 68 10 ef 68 04 0f 37 33 35 33 34 33 33 33 33 33 97 33 33 34 33 4b 16
21.186444997787476  : 68 10 ef 68 84 01 34 88 16
21.218774557113647  : 68 20 df 68 02 02 38 3b 46 16
21.25155210494995   : 68 20 df 68 82 0c 63 59 6f 35 33 4c 33 33 33 33 3b 33 76 16
21.273375034332275  : 68 31 ce 68 02 02 60 42 75 16
21.30549120903015   : 68 31 ce 68 82 0f 35 48 33 33 33 33 97 33 33 33 51 51 51 51 50 6d 16
21.348385095596313  : 68 10 ef 68 04 0f 37 33 35 33 34 33 33 33 33 33 97 33 33 34 33 4b 16
21.359431505203247  : 68 10 ef 68 84 01 34 88 16
21.42515778541565   : 68 20 df 68 02 02 38 3b 46 16
21.44659423828125   : 68 20 df 68 82 0c 63 59 6f 35 33 4c 33 33 33 33 3b 33 76 16
21.478346824645996  : 68 31 ce 68 02 02 60 42 75 16
21.499720811843872  : 68 31 ce 68 82 0f 35 48 33 33 33 33 97 33 33 33 51 51 51 51 50 6d 16
21.541454553604126  : 68 10 ef 68 04 0f 37 33 35 33 34 33 33 33 33 33 97 33 33 34 33 4b 16
21.563238620758057  : 68 10 ef 68 84 01 34 88 16
21.626785039901733  : 68 20 df 68 02 02 38 3b 46 16
21.652440786361694  : 68 20 df 68 82 0c 63 59 6f 35 33 4c 33 33 33 33 3b 33 76 16
21.67423701286316   : 68 31 ce 68 02 02 60 42 75 16
21.70638656616211   : 68 31 ce 68 82 0f 35 48 33 33 33 33 97 33 33 33 51 51 51 51 50 6d 16
21.748823881149292  : 68 10 ef 68 04 0f 37 33 35 33 34 33 33 33 33 33 97 33 33 34 33 4b 16
21.770684480667114  : 68 10 ef 68 84 01 34 88 16
21.817094564437866  : 68 20 df 68 02 02 38 3b 46 16
21.849365234375     : 68 20 df 68 82 0c 63 59 6f 35 33 4c 33 33 33 33 3b 33 76 16
21.870511770248413  : 68 31 ce 68 02 02 60 42 75 16
21.90269160270691   : 68 31 ce 68 82 0f 35 48 33 33 33 33 97 33 33 33 51 51 51 51 50 6d 16
21.945706844329834  : 68 10 ef 68 04 0f 37 33 35 33 34 33 33 33 33 33 97 33 33 34 33 4b 16
21.977016925811768  : 68 10 ef 68 84 01 34 88 16
22.019113540649414  : 68 20 df 68 02 02 38 3b 46 16
22.05112934112549   : 68 20 df 68 82 0c 63 59 6f 35 33 4c 33 33 33 33 3b 33 76 16
22.072593927383423  : 68 31 ce 68 02 02 60 42 75 16
22.104285955429077  : 68 31 ce 68 82 0f 35 48 33 33 33 33 97 33 33 33 51 51 51 51 50 6d 16
22.146499633789062  : 68 10 ef 68 04 0f 37 33 35 33 34 33 33 33 33 33 97 33 33 34 33 4b 16
22.178776502609253  : 68 10 ef 68 84 01 34 88 16
22.221900939941406  : 68 20 df 68 02 02 38 3b 46 16
22.245659112930298  : 68 20 df 68 82 0c 63 59 6f 35 33 4c 33 33 33 33 3b 33 76 16
22.26901364326477   : 68 31 ce 68 02 02 60 42 75 16
22.300758361816406  : 68 31 ce 68 82 0f 35 48 33 33 33 33 97 33 33 33 51 51 51 51 50 6d 16
22.340033769607544  : 68 10 ef 68 04 0f 37 33 35 33 34 33 33 33 33 33 97 33 33 34 33 4b 16
22.372366189956665  : 68 10 ef 68 84 01 34 88 16
22.4250271320343    : 68 20 df 68 02 02 38 3b 46 16
22.45262908935547   : 68 20 df 68 82 0c 63 59 6f 35 33 4c 33 33 33 33 3b 33 76 16
22.4742910861969    : 68 31 ce 68 02 02 60 42 75 16
22.506482362747192  : 68 31 ce 68 82 0f 35 48 33 33 33 33 97 33 33 33 51 51 51 51 50 6d 16
22.5493483543396    : 68 10 ef 68 04 0f 37 33 35 33 34 33 33 33 33 33 97 33 33 34 33 4b 16
22.581938982009888  : 68 10 ef 68 84 01 34 88 16
22.625002145767212  : 68 20 df 68 02 02 38 3b 46 16
22.64691662788391   : 68 20 df 68 82 0c 63 59 6f 34 33 4c 33 33 33 33 3b 33 75 16
22.669000387191772  : 68 31 ce 68 02 02 60 42 75 16
22.70124840736389   : 68 31 ce 68 82 0f 35 48 33 33 33 33 97 33 33 33 51 51 51 51 50 6d 16
22.743659734725952  : 68 10 ef 68 04 0f 37 33 34 33 34 33 33 33 33 33 97 33 33 34 33 4a 16
22.78555393218994   : 68 10 ef 68 84 01 34 88 16
22.8188693523407    : 68 20 df 68 02 02 38 3b 46 16
22.852062225341797  : 68 20 df 68 82 0c 63 59 6f 34 33 4c 33 33 33 33 3b 33 75 16
22.873156785964966  : 68 31 ce 68 02 02 60 42 75 16
22.905275344848633  : 68 31 ce 68 82 0f 35 48 33 33 33 33 97 33 33 33 51 51 51 51 50 6d 16
22.948014497756958  : 68 10 ef 68 04 0f 37 33 34 33 34 33 33 33 33 33 97 33 33 34 33 4a 16
22.982593774795532  : 68 10 ef 68 84 01 34 88 16
23.019639015197754  : 68 20 df 68 02 02 38 3b 46 16
23.05222249031067   : 68 20 df 68 82 0c 63 59 6f 34 33 4c 33 33 33 33 3b 33 75 16
23.073899030685425  : 68 31 ce 68 02 02 60 42 75 16
23.099310636520386  : 68 31 ce 68 82 0f 35 48 33 33 33 33 97 33 33 33 51 51 51 51 50 6d 16
23.141434907913208  : 68 10 ef 68 04 0f 37 33 34 33 34 33 33 33 33 33 97 33 33 34 33 4a 16
23.21927571296692   : 68 10 ef 68 84 01 34 88 16
23.21927571296692   : 68 20 df 68 02 02 38 3b 46 16
23.263599157333374  : 68 20 df 68 82 0c 63 59 6f 34 33 4c 33 33 33 33 3b 33 75 16
23.281680583953857  : 68 31 ce 68 02 02 60 42 75 16
23.30294370651245   : 68 31 ce 68 82 0f 35 48 33 33 33 33 97 33 33 33 51 51 51 51 50 6d 16
23.346071481704712  : 68 10 ef 68 04 0f 37 33 34 33 34 33 33 33 33 33 97 33 33 34 33 4a 16
23.36760115623474   : 68 10 ef 68 84 01 34 88 16
23.420832872390747  : 68 20 df 68 02 02 38 3b 46 16
23.44210171699524   : 68 20 df 68 82 0c 63 59 6f 34 33 4c 33 33 33 33 3b 33 75 16
23.473984956741333  : 68 31 ce 68 02 02 60 42 75 16
23.506360292434692  : 68 31 ce 68 82 0f 35 48 33 33 33 33 97 33 33 33 51 51 51 51 50 6d 16
23.548251152038574  : 68 10 ef 68 04 0f 37 33 34 33 34 33 33 33 33 33 97 33 33 34 33 4a 16
23.569796085357666  : 68 10 ef 68 84 01 34 88 16
23.61738657951355   : 68 20 df 68 02 02 38 3b 46 16
23.649052143096924  : 68 20 df 68 82 0c 63 59 6f 34 33 4c 33 33 33 33 3b 33 75 16
23.67054319381714   : 68 31 ce 68 02 02 60 42 75 16
23.702389001846313  : 68 31 ce 68 82 0f 35 48 33 33 33 33 97 33 33 33 51 51 51 51 50 6d 16
23.75078511238098   : 68 10 ef 68 04 0f 37 33 34 33 34 33 33 33 33 33 97 33 33 34 33 4a 16
23.772268772125244  : 68 10 ef 68 84 01 34 88 16
23.825443029403687  : 68 20 df 68 02 02 38 3b 46 16
23.849167108535767  : 68 20 df 68 82 0c 63 59 6f 34 33 4c 33 33 33 33 3b 33 75 16
23.87029266357422   : 68 31 ce 68 02 02 60 42 75 16
23.90188193321228   : 68 31 ce 68 82 0f 35 48 33 33 33 33 97 33 33 33 51 51 51 51 50 6d 16
23.945635557174683  : 68 10 ef 68 04 0f 37 33 34 33 34 33 33 33 33 33 97 33 33 34 33 4a 16
23.966676712036133  : 68 10 ef 68 84 01 34 88 16
24.018994331359863  : 68 20 df 68 02 02 38 3b 46 16
24.05192279815674   : 68 20 df 68 82 0c 63 59 6f 34 33 4c 33 33 33 33 3b 33 75 16
24.068700551986694  : 68 31 ce 68 02 02 60 42 75 16
24.10186767578125   : 68 31 ce 68 82 0f 35 48 33 33 33 33 97 33 33 33 51 51 51 51 50 6d 16
24.151686668395996  : 68 10 ef 68 04 0f 37 33 34 33 34 33 33 33 33 33 97 33 33 34 33 4a 16
24.172998905181885  : 68 10 ef 68 84 01 34 88 16
24.216636180877686  : 68 20 df 68 02 02 38 3b 46 16
24.249105215072632  : 68 20 df 68 82 0c 63 59 6f 35 33 4c 33 33 33 33 3b 33 76 16
24.270093202590942  : 68 31 ce 68 02 02 60 42 75 16
24.302359104156494  : 68 31 ce 68 82 0f 35 48 33 33 33 33 97 33 33 33 51 51 51 51 50 6d 16
24.34020709991455   : 68 10 ef 68 04 0f 37 33 35 33 34 33 33 33 33 33 97 33 33 34 33 4b 16
24.372729301452637  : 68 10 ef 68 84 01 34 88 16
24.426762580871582  : 68 20 df 68 02 02 38 3b 46 16
24.452040195465088  : 68 20 df 68 82 0c 63 59 6f 35 33 4c 33 33 33 33 3b 33 76 16
24.473963260650635  : 68 31 ce 68 02 02 60 42 75 16
24.50607466697693   : 68 31 ce 68 82 0f 35 48 33 33 33 33 97 33 33 33 51 51 51 51 50 6d 16
24.548429250717163  : 68 10 ef 68 04 0f 37 33 35 33 34 33 33 33 33 33 97 33 33 34 33 4b 16
24.572046518325806  : 68 10 ef 68 84 01 34 88 16
24.62446403503418   : 68 20 df 68 02 02 38 3b 46 16
24.646535634994507  : 68 20 df 68 82 0c 63 59 6f 35 33 4c 33 33 33 33 3b 33 76 16
24.667982578277588  : 68 31 ce 68 02 02 60 42 75 16
24.707057237625122  : 68 31 ce 68 82 0f 35 48 33 33 33 33 97 33 33 33 51 51 51 51 50 6d 16
24.749882459640503  : 68 10 ef 68 04 0f 37 33 35 33 34 33 33 33 33 33 97 33 33 34 33 4b 16
24.771688222885132  : 68 10 ef 68 84 01 34 88 16
24.82465672492981   : 68 20 df 68 02 02 38 3b 46 16
24.848572969436646  : 68 20 df 68 82 0c 63 59 6f 35 33 4c 33 33 33 33 3b 33 76 16
24.870234727859497  : 68 31 ce 68 02 02 60 42 75 16
24.90318751335144   : 68 31 ce 68 82 0f 35 48 33 33 33 33 97 33 33 33 51 51 51 51 50 6d 16
24.951984643936157  : 68 10 ef 68 04 0f 37 33 35 33 34 33 33 33 33 33 97 33 33 34 33 4b 16
24.973541736602783  : 68 10 ef 68 84 01 34 88 16
25.01601004600525   : 68 20 df 68 02 02 38 3b 46 16
25.051915168762207  : 68 20 df 68 82 0c 63 59 6f 35 33 4c 33 33 33 33 3b 33 76 16
25.07342505455017   : 68 31 ce 68 02 02 60 42 75 16
25.105852365493774  : 68 31 ce 68 82 0f 35 48 33 33 33 33 97 33 33 33 51 51 51 51 50 6d 16
25.14810585975647   : 68 10 ef 68 04 0f 37 33 35 33 34 33 33 33 33 33 97 33 33 34 33 4b 16
25.18525981903076   : 68 10 ef 68 84 01 34 88 16
25.217514276504517  : 68 20 df 68 02 02 38 3b 46 16
25.249212503433228  : 68 20 df 68 82 0c 63 59 6f 35 33 4c 33 33 33 33 3b 33 76 16
25.270459413528442  : 68 31 ce 68 02 02 60 42 75 16
25.30219268798828   : 68 31 ce 68 82 0f 35 48 33 33 33 33 97 33 33 33 51 51 51 51 50 6d 16
25.345001697540283  : 68 10 ef 68 04 0f 37 33 35 33 34 33 33 33 33 33 97 33 33 34 33 4b 16
25.376742839813232  : 68 10 ef 68 84 01 34 88 16
25.419243574142456  : 68 20 df 68 02 02 38 3b 46 16
25.440969944000244  : 68 20 df 68 82 0c 63 59 6f 35 33 4c 33 33 33 33 3b 33 76 16
25.473536491394043  : 68 31 ce 68 02 02 60 42 75 16
25.505701303482056  : 68 31 ce 68 82 0f 35 48 33 33 33 33 97 33 33 33 51 51 51 51 50 6d 16
25.54806089401245   : 68 10 ef 68 04 0f 37 33 35 33 34 33 33 33 33 33 97 33 33 34 33 4b 16
25.58336305618286   : 68 10 ef 68 84 01 34 88 16
25.615466833114624  : 68 20 df 68 02 02 38 3b 46 16
25.647677659988403  : 68 20 df 68 82 0c 63 59 6f 35 33 4c 33 33 33 33 3b 33 76 16
25.668594121932983  : 68 31 ce 68 02 02 60 42 75 16
25.701565980911255  : 68 31 ce 68 82 0f 35 48 33 33 33 33 97 33 33 33 51 51 51 51 50 6d 16
25.745752334594727  : 68 10 ef 68 04 0f 37 33 35 33 34 33 33 33 33 33 97 33 33 34 33 4b 16
25.77747392654419   : 68 10 ef 68 84 01 34 88 16
25.820186853408813  : 68 20 df 68 02 02 38 3b 46 16
25.841992139816284  : 68 20 df 68 82 0c 63 59 6f 35 33 4c 33 33 33 33 33 33 6e 16
25.873924493789673  : 68 31 ce 68 02 02 60 42 75 16
25.906653881072998  : 68 31 ce 68 82 0f 35 48 33 33 33 33 97 33 33 33 51 51 51 51 50 6d 16
25.949206829071045  : 68 10 ef 68 04 0f 33 33 35 33 34 33 33 33 33 33 97 33 33 34 33 47 16
25.98511505126953   : 68 10 ef 68 84 01 34 88 16
26.01735496520996   : 68 20 df 68 02 02 38 3b 46 16
26.049870252609253  : 68 20 df 68 82 0c 63 59 6f 35 33 4c 33 33 33 33 33 33 6e 16
26.072033643722534  : 68 31 ce 68 02 02 60 42 75 16
26.10371994972229   : 68 31 ce 68 82 0f 35 48 33 33 33 33 97 33 33 33 51 51 51 51 50 6d 16
26.152175903320312  : 68 10 ef 68 04 0f 33 33 35 33 34 33 33 33 33 33 97 33 33 34 33 47 16
26.184038639068604  : 68 10 ef 68 84 01 34 88 16
26.22277569770813   : 68 20 df 68 02 02 38 3b 46 16
26.244874477386475  : 68 20 df 68 82 0c 63 59 6f 35 33 4c 33 33 33 33 33 33 6e 16
26.276958465576172  : 68 31 ce 68 02 02 60 42 75 16
26.29818081855774   : 68 31 ce 68 82 0f 35 48 33 33 33 33 97 33 33 33 51 51 51 51 50 6d 16
26.340733528137207  : 68 10 ef 68 04 0f 33 33 35 33 34 33 33 33 33 33 97 33 33 34 33 47 16
26.38469958305359   : 68 10 ef 68 84 01 34 88 16
26.41759181022644   : 68 20 df 68 02 02 38 3b 46 16
26.43970799446106   : 68 20 df 68 82 0c 63 59 6f 35 33 4c 33 33 33 33 33 33 6e 16
26.471221208572388  : 68 31 ce 68 02 02 60 42 75 16
26.503001928329468  : 68 31 ce 68 82 0f 35 48 33 33 33 33 97 33 33 33 51 51 51 51 50 6d 16
26.5514874458313    : 68 10 ef 68 04 0f 33 33 35 33 34 33 33 33 33 33 97 33 33 34 33 47 16
26.58675503730774   : 68 10 ef 68 84 01 34 88 16
26.620604753494263  : 68 20 df 68 02 02 38 3b 46 16
26.645151376724243  : 68 20 df 68 82 0c 63 59 6f 35 33 4c 33 33 33 33 33 33 6e 16
26.667020797729492  : 68 31 ce 68 02 02 60 42 75 16
26.699047565460205  : 68 31 ce 68 82 0f 35 48 33 33 33 33 97 33 33 33 51 51 51 51 50 6d 16
26.74177074432373   : 68 10 ef 68 04 0f 33 33 35 33 34 33 33 33 33 33 97 33 33 34 33 47 16
26.784905433654785  : 68 10 ef 68 84 01 34 88 16
26.823859691619873  : 68 20 df 68 02 02 38 3b 46 16
26.84585428237915   : 68 20 df 68 82 0c 63 59 6f 35 33 4c 33 33 33 33 33 33 6e 16
26.867083072662354  : 68 31 ce 68 02 02 60 42 75 16
26.899332761764526  : 68 31 ce 68 82 0f 35 48 33 33 33 33 97 33 33 33 51 51 51 51 50 6d 16
26.941544771194458  : 68 10 ef 68 04 0f 33 33 35 33 34 33 33 33 33 33 97 33 33 34 33 47 16
26.984909296035767  : 68 10 ef 68 84 01 34 88 16
27.016972064971924  : 68 20 df 68 02 02 38 3b 46 16
27.049437284469604  : 68 20 df 68 82 0c 63 59 6f 35 33 4c 33 33 33 33 33 33 6e 16
27.07103180885315   : 68 31 ce 68 02 02 60 42 75 16
27.102882862091064  : 68 31 ce 68 82 0f 35 48 33 33 33 33 97 33 33 33 51 51 51 51 50 6d 16
27.145798683166504  : 68 10 ef 68 04 0f 33 33 35 33 34 33 33 33 33 33 97 33 33 34 33 47 16
27.188488483428955  : 68 10 ef 68 84 01 34 88 16
27.21796679496765   : 68 20 df 68 02 02 38 3b 46 16
27.240154266357422  : 68 20 df 68 82 0c 63 59 6f 35 33 4c 33 33 33 33 33 33 6e 16
27.27273178100586   : 68 31 ce 68 02 02 60 42 75 16
27.304929494857788  : 68 31 ce 68 82 0f 35 48 33 33 33 33 97 33 33 33 51 51 51 51 50 6d 16
27.347439765930176  : 68 10 ef 68 04 0f 33 33 35 33 34 33 33 33 33 33 97 33 33 34 33 47 16
27.35838556289673   : 68 10 ef 68 84 01 34 88 16
27.424193859100342  : 68 20 df 68 02 02 38 3b 46 16
27.445780992507935  : 68 20 df 68 82 0c 63 59 6f 35 33 4c 33 33 33 33 33 33 6e 16
27.466721534729004  : 68 31 ce 68 02 02 60 42 75 16
27.49875807762146   : 68 31 ce 68 82 0f 35 48 33 33 33 33 97 33 33 33 51 51 51 51 50 6d 16
27.540774822235107  : 68 10 ef 68 04 0f 33 33 35 33 34 33 33 33 33 33 97 33 33 34 33 47 16
27.562044382095337  : 68 10 ef 68 84 01 34 88 16
27.614176273345947  : 68 20 df 68 02 02 38 3b 46 16
27.646278619766235  : 68 20 df 68 82 0c 63 59 6f 35 33 4c 33 33 33 33 33 33 6e 16
27.6682767868042    : 68 31 ce 68 02 02 60 42 75 16
27.70024609565735   : 68 31 ce 68 82 0f 35 48 33 33 33 33 97 33 33 33 51 51 51 51 50 6d 16
27.742977619171143  : 68 10 ef 68 04 0f 33 33 35 33 34 33 33 33 33 33 97 33 33 34 33 47 16
27.76417851448059   : 68 10 ef 68 84 01 34 88 16
27.817049503326416  : 68 20 df 68 02 02 38 3b 46 16
27.84078550338745   : 68 20 df 68 82 0c 63 59 6f 35 33 4c 33 33 33 33 33 33 6e 16
27.867915630340576  : 68 31 ce 68 02 02 60 42 75 16
27.975000858306885  : 68 31 ce 68 82 0f 35 48 33 33 33 33 97 33 33 33 51 51 51 51 50 6d 16
27.975000858306885  : 68 10 ef 68 04 0f 33 33 35 33 34 33 33 33 33 33 97 33 33 34 33 47 16
27.975000858306885  : 68 10 ef 68 84 01 34 88 16
28.020702123641968  : 68 20 df 68 02 02 38 3b 46 16
28.041670083999634  : 68 20 df 68 82 0c 63 59 6f 35 33 4c 33 33 33 33 33 33 6e 16
28.07334804534912   : 68 31 ce 68 02 02 60 42 75 16
28.105313062667847  : 68 31 ce 68 82 0f 35 48 33 33 33 33 97 33 33 33 51 51 51 51 50 6d 16
28.147884845733643  : 68 10 ef 68 04 0f 33 33 35 33 34 33 33 33 33 33 97 33 33 34 33 47 16
28.171448707580566  : 68 10 ef 68 84 01 34 88 16
28.213939428329468  : 68 20 df 68 02 02 38 3b 46 16
28.245436429977417  : 68 20 df 68 82 0c 63 59 6f 35 33 4c 33 33 33 33 33 33 6e 16
28.266350984573364  : 68 31 ce 68 02 02 60 42 75 16
28.299108505249023  : 68 31 ce 68 82 0f 35 48 33 33 33 33 97 33 33 33 51 51 51 51 50 6d 16
28.341739416122437  : 68 10 ef 68 04 0f 33 33 35 33 34 33 33 33 33 33 97 33 33 34 33 47 16
28.374157905578613  : 68 10 ef 68 84 01 34 88 16
28.422304153442383  : 68 20 df 68 02 02 38 3b 46 16
28.444118976593018  : 68 20 df 68 82 0c 63 59 6f 35 33 4c 33 33 33 33 33 33 6e 16
28.47560429573059   : 68 31 ce 68 02 02 60 42 75 16
28.496824026107788  : 68 31 ce 68 82 0f 35 48 33 33 33 33 97 33 33 33 51 51 51 51 50 6d 16
28.53915500640869   : 68 10 ef 68 04 0f 33 33 35 33 34 33 33 33 33 33 97 33 33 34 33 47 16
28.581860065460205  : 68 10 ef 68 84 01 34 88 16
28.618144512176514  : 68 20 df 68 02 02 38 3b 46 16
28.639817476272583  : 68 20 df 68 82 0c 63 59 6f 35 33 4c 33 33 33 33 33 33 6e 16
28.67207908630371   : 68 31 ce 68 02 02 60 42 75 16
28.70361876487732   : 68 31 ce 68 82 0f 35 48 33 33 33 33 97 33 33 33 51 51 51 51 50 6d 16
28.74626898765564   : 68 10 ef 68 04 0f 33 33 35 33 34 33 33 33 33 33 97 33 33 34 33 47 16
28.780999422073364  : 68 10 ef 68 84 01 34 88 16
28.823579788208008  : 68 20 df 68 02 02 38 3b 46 16
28.8446364402771    : 68 20 df 68 82 0c 63 59 6f 35 33 4c 33 33 33 33 33 33 6e 16
28.89714789390564   : 68 31 ce 68 02 02 60 42 75 16
28.89714789390564   : 68 31 ce 68 82 0f 35 48 33 33 33 33 97 33 33 33 51 51 51 51 50 6d 16
28.94147539138794   : 68 10 ef 68 04 0f 33 33 35 33 34 33 33 33 33 33 97 33 33 34 33 47 16
28.984902381896973  : 68 10 ef 68 84 01 34 88 16
29.017775297164917  : 68 20 df 68 02 02 38 3b 46 16
29.039233207702637  : 68 20 df 68 82 0c 63 59 6f 35 33 4c 33 33 33 33 33 33 6e 16
29.071699619293213  : 68 31 ce 68 02 02 60 42 75 16
29.103671312332153  : 68 31 ce 68 82 0f 35 48 33 33 33 33 97 33 33 33 51 51 51 51 50 6d 16
29.146097898483276  : 68 10 ef 68 04 0f 33 33 35 33 34 33 33 33 33 33 97 33 33 34 33 47 16
29.181261777877808  : 68 10 ef 68 84 01 34 88 16
29.21421194076538   : 68 20 df 68 02 02 38 3b 46 16
29.245993614196777  : 68 20 df 68 82 0c 63 59 6f 35 33 4c 33 33 33 33 33 33 6e 16
29.267120122909546  : 68 31 ce 68 02 02 60 42 75 16
29.299626350402832  : 68 31 ce 68 82 0f 35 48 33 33 33 33 97 33 33 33 51 51 51 51 50 6d 16
29.34193444252014   : 68 10 ef 68 04 0f 33 33 35 33 34 33 33 33 33 33 97 33 33 34 33 47 16
29.384396076202393  : 68 10 ef 68 84 01 34 88 16
29.423514127731323  : 68 20 df 68 02 02 38 3b 46 16
29.451500177383423  : 68 20 df 68 82 0c 63 59 6f 35 33 4c 33 33 33 33 33 33 6e 16
29.473272562026978  : 68 31 ce 68 02 02 60 42 75 16
29.49513602256775   : 68 31 ce 68 82 0f 35 48 33 33 33 33 97 33 33 33 51 51 51 51 50 6d 16
29.53760552406311   : 68 10 ef 68 04 0f 33 33 35 33 34 33 33 33 33 33 97 33 33 34 33 47 16
29.569209814071655  : 68 10 ef 68 84 01 34 88 16
29.617857694625854  : 68 20 df 68 02 02 38 3b 46 16
29.63930583000183   : 68 20 df 68 82 0c 63 59 6f 35 33 4c 33 33 33 33 33 33 6e 16
29.672605752944946  : 68 31 ce 68 02 02 60 42 75 16
29.704585790634155  : 68 31 ce 68 82 0f 35 48 33 33 33 33 97 33 33 33 51 51 51 51 50 6d 16
29.746966123580933  : 68 10 ef 68 04 0f 33 33 35 33 34 33 33 33 33 33 97 33 33 34 33 47 16
29.77081871032715   : 68 10 ef 68 84 01 34 88 16
29.813573122024536  : 68 20 df 68 02 02 38 3b 46 16
29.84593653678894   : 68 20 df 68 82 0c 63 59 6f 35 33 4c 33 33 33 33 33 33 6e 16
29.86692523956299   : 68 31 ce 68 02 02 60 42 75 16
29.898903846740723  : 68 31 ce 68 82 0f 35 48 33 33 33 33 97 33 33 33 51 51 51 51 50 6d 16
29.941586017608643  : 68 10 ef 68 04 0f 33 33 35 33 34 33 33 33 33 33 97 33 33 34 33 47 16
29.963217973709106  : 68 10 ef 68 84 01 34 88 16
30.015761375427246  : 68 20 df 68 02 02 38 3b 46 16
30.051620483398438  : 68 20 df 68 82 0c 63 59 6f 35 33 4c 33 33 33 33 33 33 6e 16
30.073304653167725  : 68 31 ce 68 02 02 60 42 75 16
30.095076322555542  : 68 31 ce 68 82 0f 35 48 33 33 33 33 97 33 33 33 51 51 51 51 50 6d 16
30.13739323616028   : 68 10 ef 68 04 0f 33 33 35 33 34 33 33 33 33 33 97 33 33 34 33 47 16
30.16965937614441   : 68 10 ef 68 84 01 34 88 16
30.223000288009644  : 68 20 df 68 02 02 38 3b 46 16
30.25150752067566   : 68 20 df 68 82 0c 63 59 6f 35 33 4c 33 33 33 33 33 33 6e 16
30.272835969924927  : 68 31 ce 68 02 02 60 42 75 16
30.294909715652466  : 68 31 ce 68 82 0f 35 48 33 33 33 33 97 33 33 33 51 51 51 51 50 6d 16
30.33665108680725   : 68 10 ef 68 04 0f 33 33 35 33 34 33 33 33 33 33 97 33 33 34 33 47 16
30.36878776550293   : 68 10 ef 68 84 01 34 88 16
30.4226336479187    : 68 20 df 68 02 02 38 3b 46 16
30.444254398345947  : 68 20 df 68 82 0c 63 59 6f 35 33 4c 33 33 33 33 33 33 6e 16
30.475356817245483  : 68 31 ce 68 02 02 60 42 75 16
30.496803283691406  : 68 31 ce 68 82 0f 35 48 33 33 33 33 97 33 33 33 51 51 51 51 50 6d 16
30.539336919784546  : 68 10 ef 68 04 0f 33 33 35 33 34 33 33 33 33 33 97 33 33 34 33 47 16
30.571906805038452  : 68 10 ef 68 84 01 34 88 16
30.613783597946167  : 68 20 df 68 02 02 38 3b 46 16
30.64779782295227   : 68 20 df 68 82 0c 63 59 6f 35 33 4c 33 33 33 33 33 33 6e 16
30.669485092163086  : 68 31 ce 68 02 02 60 42 75 16
30.7013521194458    : 68 31 ce 68 82 0f 35 48 33 33 33 33 97 33 33 33 51 51 51 51 50 6d 16
30.73940896987915   : 68 10 ef 68 04 0f 33 33 35 33 34 33 33 33 33 33 97 33 33 34 33 47 16
30.771466732025146  : 68 10 ef 68 84 01 34 88 16
30.81384015083313   : 68 20 df 68 02 02 38 3b 46 16
30.84822106361389   : 68 20 df 68 82 0c 63 59 6f 35 33 4c 33 33 33 33 33 33 6e 16
30.86958122253418   : 68 31 ce 68 02 02 60 42 75 16
30.901785135269165  : 68 31 ce 68 82 0f 35 48 33 33 33 33 97 33 33 33 51 51 51 51 50 6d 16
30.95114803314209   : 68 10 ef 68 04 0f 33 33 35 33 34 33 33 33 33 33 97 33 33 34 33 47 16
30.97266387939453   : 68 10 ef 68 84 01 34 88 16
31.01662540435791   : 68 20 df 68 02 02 38 3b 46 16
31.051272869110107  : 68 20 df 68 82 0c 63 59 6f 35 33 4c 33 33 33 33 33 33 6e 16
31.072757244110107  : 68 31 ce 68 02 02 60 42 75 16
31.105107307434082  : 68 31 ce 68 82 0f 35 48 33 33 33 33 97 33 33 33 51 51 51 51 50 6d 16
31.136929750442505  : 68 10 ef 68 04 0f 33 33 35 33 34 33 33 33 33 33 97 33 33 34 33 47 16
31.169233083724976  : 68 10 ef 68 84 01 34 88 16
31.224056005477905  : 68 20 df 68 02 02 38 3b 46 16
31.24795365333557   : 68 20 df 68 82 0c 63 59 6f 35 33 4c 33 33 33 33 33 33 6e 16
31.269315004348755  : 68 31 ce 68 02 02 60 42 75 16
31.301408052444458  : 68 31 ce 68 82 0f 35 48 33 33 33 33 97 33 33 33 51 51 51 51 50 6d 16
31.339311838150024  : 68 10 ef 68 04 0f 33 33 35 33 34 33 33 33 33 33 97 33 33 34 33 47 16
31.371459007263184  : 68 10 ef 68 84 01 34 88 16
31.41390824317932   : 68 20 df 68 02 02 38 3b 46 16
31.44799256324768   : 68 20 df 68 82 0c 63 59 6f 35 33 4c 33 33 33 33 33 33 6e 16
31.46982431411743   : 68 31 ce 68 02 02 60 42 75 16
31.502228498458862  : 68 31 ce 68 82 0f 35 48 33 33 33 33 97 33 33 33 51 51 51 51 50 6d 16
31.54470419883728   : 68 10 ef 68 04 0f 33 33 35 33 34 33 33 33 33 33 97 33 33 34 33 47 16
31.576462268829346  : 68 10 ef 68 84 01 34 88 16
31.617953062057495  : 68 20 df 68 02 02 38 3b 46 16
31.639752626419067  : 68 20 df 68 82 0c 63 59 6f 35 33 4c 33 33 33 33 33 33 6e 16
31.67224359512329   : 68 31 ce 68 02 02 60 42 75 16
31.704973220825195  : 68 31 ce 68 82 0f 35 48 33 33 33 33 97 33 33 33 51 51 51 51 50 6d 16
31.73674464225769   : 68 10 ef 68 04 0f 33 33 35 33 34 33 33 33 33 33 97 33 33 34 33 47 16
31.77908229827881   : 68 10 ef 68 84 01 34 88 16
31.813633680343628  : 68 20 df 68 02 02 38 3b 46 16
31.84586477279663   : 68 20 df 68 82 0c 63 59 6f 35 33 4c 33 33 33 33 33 33 6e 16
31.86686944961548   : 68 31 ce 68 02 02 60 42 75 16
31.900657415390015  : 68 31 ce 68 82 0f 35 48 33 33 33 33 97 33 33 33 51 51 51 51 50 6d 16
31.943796157836914  : 68 10 ef 68 04 0f 33 33 35 33 34 33 33 33 33 33 97 33 33 34 33 47 16
31.97590470314026   : 68 10 ef 68 84 01 34 88 16
32.01781129837036   : 68 20 df 68 02 02 38 3b 46 16
32.05100703239441   : 68 20 df 68 82 0c 63 59 6f 35 33 4c 33 33 33 33 33 33 6e 16
32.07257914543152   : 68 31 ce 68 02 02 60 42 75 16
32.10451531410217   : 68 31 ce 68 82 0f 35 48 33 33 33 33 97 33 33 33 51 51 51 51 50 6d 16
32.14698076248169   : 68 10 ef 68 04 0f 33 33 35 33 34 33 33 33 33 33 97 33 33 34 33 47 16
32.18240714073181   : 68 10 ef 68 84 01 34 88 16
32.21467709541321   : 68 20 df 68 02 02 38 3b 46 16
32.247132301330566  : 68 20 df 68 82 0c 63 59 6f 35 33 4c 33 33 33 33 33 33 6e 16
32.26837491989136   : 68 31 ce 68 02 02 60 42 75 16
32.301167249679565  : 68 31 ce 68 82 0f 35 48 33 33 33 33 97 33 33 33 51 51 51 51 50 6d 16
32.33926844596863   : 68 10 ef 68 04 0f 33 33 35 33 34 33 33 33 33 33 97 33 33 34 33 47 16
32.382463455200195  : 68 10 ef 68 84 01 34 88 16
32.4187970161438    : 68 20 df 68 02 02 38 3b 46 16
32.44282674789429   : 68 20 df 68 82 0c 63 59 6f 35 33 4c 33 33 33 33 33 33 6e 16
32.46729826927185   : 68 31 ce 68 02 02 60 42 75 16
32.49957060813904   : 68 31 ce 68 82 0f 35 48 33 33 33 33 97 33 33 33 51 51 51 51 50 6d 16
32.5418746471405    : 68 10 ef 68 04 0f 33 33 35 33 34 33 33 33 33 33 97 33 33 34 33 47 16
32.58413004875183   : 68 10 ef 68 84 01 34 88 16
32.617921590805054  : 68 20 df 68 02 02 38 3b 46 16
32.64505577087402   : 68 20 df 68 82 0c 63 59 6f 35 33 4c 33 33 33 33 33 33 6e 16
32.666313886642456  : 68 31 ce 68 02 02 60 42 75 16
32.69820594787598   : 68 31 ce 68 82 0f 35 48 33 33 33 33 97 33 33 33 51 51 51 51 50 6d 16
32.74023079872131   : 68 10 ef 68 04 0f 33 33 35 33 34 33 33 33 33 33 97 33 33 34 33 47 16
32.783525705337524  : 68 10 ef 68 84 01 34 88 16
32.82146859169006   : 68 20 df 68 02 02 38 3b 46 16
32.84289050102234   : 68 20 df 68 82 0c 63 59 6f 35 33 4c 33 33 33 33 33 33 6e 16
32.87508273124695   : 68 31 ce 68 02 02 60 42 75 16
32.89656162261963   : 68 31 ce 68 82 0f 35 48 33 33 33 33 97 33 33 33 51 51 51 51 50 6d 16
32.93896508216858   : 68 10 ef 68 04 0f 33 33 35 33 34 33 33 33 33 33 97 33 33 34 33 47 16
32.98126006126404   : 68 10 ef 68 84 01 34 88 16
33.023260831832886  : 68 20 df 68 02 02 38 3b 46 16
33.0460250377655    : 68 20 df 68 82 0c 63 59 6f 35 33 4c 33 33 33 33 33 33 6e 16
33.06795382499695   : 68 31 ce 68 02 02 60 42 75 16
33.10011959075928   : 68 31 ce 68 82 0f 35 48 33 33 33 33 97 33 33 33 51 51 51 51 50 6d 16
33.142181634902954  : 68 10 ef 68 04 0f 33 33 35 33 34 33 33 33 33 33 97 33 33 34 33 47 16
33.184704065322876  : 68 10 ef 68 84 01 34 88 16
33.21680188179016   : 68 20 df 68 02 02 38 3b 46 16
33.24455213546753   : 68 20 df 68 82 0c 63 59 6f 35 33 4c 33 33 33 33 33 33 6e 16
33.265403747558594  : 68 31 ce 68 02 02 60 42 75 16
33.29781675338745   : 68 31 ce 68 82 0f 35 48 33 33 33 33 97 33 33 33 51 51 51 51 50 6d 16
33.3396782875061    : 68 10 ef 68 04 0f 33 33 35 33 34 33 33 33 33 33 97 33 33 34 33 47 16
33.38222670555115   : 68 10 ef 68 84 01 34 88 16
33.4142746925354    : 68 20 df 68 02 02 38 3b 46 16
33.446860790252686  : 68 20 df 68 82 0c 63 59 6f 35 33 4c 33 33 33 33 33 33 6e 16
33.467968702316284  : 68 31 ce 68 02 02 60 42 75 16
33.52703881263733   : 68 31 ce 68 82 0f 35 48 33 33 33 33 97 33 33 33 51 51 51 51 50 6d 16
33.575206995010376  : 68 10 ef 68 04 0f 33 33 35 33 34 33 33 33 33 33 97 33 33 34 33 47 16
33.58880400657654   : 68 10 ef 68 84 01 34 88 16
33.621171712875366  : 68 20 df 68 02 02 38 3b 46 16
33.64230275154114   : 68 20 df 68 82 0c 63 59 6f 35 33 4c 33 33 33 33 33 33 6e 16
33.674296379089355  : 68 31 ce 68 02 02 60 42 75 16
33.69588303565979   : 68 31 ce 68 82 0f 35 48 33 33 33 33 97 33 33 33 51 51 51 51 50 6d 16
33.738720417022705  : 68 10 ef 68 04 0f 33 33 35 33 34 33 33 33 33 33 97 33 33 34 33 47 16
33.75985383987427   : 68 10 ef 68 84 01 34 88 16
33.81308150291443   : 68 20 df 68 02 02 38 3b 46 16
33.845285177230835  : 68 20 df 68 82 0c 63 59 6f 35 33 4c 33 33 33 33 33 33 6e 16
33.86615562438965   : 68 31 ce 68 02 02 60 42 75 16
33.89867949485779   : 68 31 ce 68 82 0f 35 48 33 33 33 33 97 33 33 33 51 51 51 51 50 6d 16
33.94142532348633   : 68 10 ef 68 04 0f 33 33 35 33 34 33 33 33 33 33 97 33 33 34 33 47 16
33.96290135383606   : 68 10 ef 68 84 01 34 88 16
34.016080379486084  : 68 20 df 68 02 02 38 3b 46 16
34.04091119766235   : 68 20 df 68 82 0c 63 59 6f 35 33 4c 33 33 33 33 33 33 6e 16
34.0733060836792    : 68 31 ce 68 02 02 60 42 75 16
34.09477782249451   : 68 31 ce 68 82 0f 35 48 33 33 33 33 97 33 33 33 51 51 51 51 50 6d 16
34.136613607406616  : 68 10 ef 68 04 0f 33 33 35 33 34 33 33 33 33 33 97 33 33 34 33 47 16
34.16838097572327   : 68 10 ef 68 84 01 34 88 16
34.222652435302734  : 68 20 df 68 02 02 38 3b 46 16
34.250693798065186  : 68 20 df 68 82 0c 63 59 6f 35 33 4c 33 33 33 33 33 33 6e 16
34.27277946472168   : 68 31 ce 68 02 02 60 42 75 16
34.2945921421051    : 68 31 ce 68 82 0f 35 48 33 33 33 33 97 33 33 33 51 51 51 51 50 6d 16
34.3368604183197    : 68 10 ef 68 04 0f 33 33 35 33 34 33 33 33 33 33 97 33 33 34 33 47 16
34.36871671676636   : 68 10 ef 68 84 01 34 88 16
34.417840003967285  : 68 20 df 68 02 02 38 3b 46 16
34.439162731170654  : 68 20 df 68 82 0c 63 59 6f 35 33 4c 33 33 33 33 33 33 6e 16
34.47199010848999   : 68 31 ce 68 02 02 60 42 75 16
34.50459623336792   : 68 31 ce 68 82 0f 35 48 33 33 33 33 97 33 33 33 51 51 51 51 50 6d 16
34.53719210624695   : 68 10 ef 68 04 0f 33 33 35 33 34 33 33 33 33 33 97 33 33 34 33 47 16
34.56875252723694   : 68 10 ef 68 84 01 34 88 16
34.617533445358276  : 68 20 df 68 02 02 38 3b 46 16
34.6390540599823    : 68 20 df 68 82 0c 63 59 6f 35 33 4c 33 33 33 33 33 33 6e 16
34.67145848274231   : 68 31 ce 68 02 02 60 42 75 16
34.70325255393982   : 68 31 ce 68 82 0f 35 48 33 33 33 33 97 33 33 33 51 51 51 51 50 6d 16
34.74577569961548   : 68 10 ef 68 04 0f 33 33 35 33 34 33 33 33 33 33 97 33 33 34 33 47 16
34.76987671852112   : 68 10 ef 68 84 01 34 88 16
34.82248902320862   : 68 20 df 68 02 02 38 3b 46 16
34.844523906707764  : 68 20 df 68 82 0c 63 59 6f 35 33 4c 33 33 33 33 33 33 6e 16
34.865659952163696  : 68 31 ce 68 02 02 60 42 75 16
34.89686393737793   : 68 31 ce 68 82 0f 35 48 33 33 33 33 97 33 33 33 51 51 51 51 50 6d 16
34.93949270248413   : 68 10 ef 68 04 0f 33 33 35 33 34 33 33 33 33 33 97 33 33 34 33 47 16
34.972070932388306  : 68 10 ef 68 84 01 34 88 16
35.01520228385925   : 68 20 df 68 02 02 38 3b 46 16
35.047290563583374  : 68 20 df 68 82 0c 63 59 6f 35 33 4c 33 33 33 33 33 33 6e 16
35.068674087524414  : 68 31 ce 68 02 02 60 42 75 16
35.10082173347473   : 68 31 ce 68 82 0f 35 48 33 33 33 33 97 33 33 33 51 51 51 51 50 6d 16
35.14400243759155   : 68 10 ef 68 04 0f 33 33 35 33 34 33 33 33 33 33 97 33 33 34 33 47 16
35.175416707992554  : 68 10 ef 68 84 01 34 88 16
35.21827030181885   : 68 20 df 68 02 02 38 3b 46 16
35.24125576019287   : 68 20 df 68 82 0c 63 59 6f 35 33 4c 33 33 33 33 33 33 6e 16
35.28963899612427   : 68 31 ce 68 02 02 60 42 75 16
35.28963899612427   : 68 31 ce 68 82 0f 35 48 33 33 33 33 97 33 33 33 51 51 51 51 50 6d 16
35.34471535682678   : 68 10 ef 68 04 0f 33 33 35 33 34 33 33 33 33 33 97 33 33 34 33 47 16
35.37686896324158   : 68 10 ef 68 84 01 34 88 16
35.41940498352051   : 68 20 df 68 02 02 38 3b 46 16
35.440752029418945  : 68 20 df 68 82 0c 63 59 6f 35 33 4c 33 33 33 33 33 33 6e 16
35.46312856674194   : 68 31 ce 68 02 02 60 42 75 16
35.495222091674805  : 68 31 ce 68 82 0f 35 48 33 33 33 33 97 33 33 33 51 51 51 51 50 6d 16
35.53847146034241   : 68 10 ef 68 04 0f 33 33 35 33 34 33 33 33 33 33 97 33 33 34 33 47 16
35.58162212371826   : 68 10 ef 68 84 01 34 88 16
35.617172956466675  : 68 20 df 68 02 02 38 3b 46 16
35.63878774642944   : 68 20 df 68 82 0c 63 59 6f 35 33 4c 33 33 33 33 33 33 6e 16
35.67082118988037   : 68 31 ce 68 02 02 60 42 75 16
35.702786445617676  : 68 31 ce 68 82 0f 35 48 33 33 33 33 97 33 33 33 51 51 51 51 50 6d 16
35.73518109321594   : 68 10 ef 68 04 0f 33 33 35 33 34 33 33 33 33 33 97 33 33 34 33 47 16
35.75640034675598   : 68 10 ef 68 84 01 34 88 16
35.82038235664368   : 68 20 df 68 02 02 38 3b 46 16
35.84345030784607   : 68 20 df 68 82 0c 63 59 6f 35 33 4c 33 33 33 33 33 33 6e 16
35.869176387786865  : 68 31 ce 68 02 02 60 42 75 16
35.90103793144226   : 68 31 ce 68 82 0f 35 48 33 33 33 33 97 33 33 33 51 51 51 51 50 6d 16
35.95070838928223   : 68 10 ef 68 04 0f 33 33 35 33 34 33 33 33 33 33 97 33 33 34 33 47 16
35.96150994300842   : 68 10 ef 68 84 01 34 88 16
36.021127223968506  : 68 20 df 68 02 02 38 3b 46 16
36.04949641227722   : 68 20 df 68 82 0c 63 59 6f 35 33 4c 33 33 33 33 33 33 6e 16
36.070544719696045  : 68 31 ce 68 02 02 60 42 75 16
36.10270643234253   : 68 31 ce 68 82 0f 35 48 33 33 33 33 97 33 33 33 51 51 51 51 50 6d 16
36.144282579422     : 68 10 ef 68 04 0f 33 33 35 33 34 33 33 33 33 33 97 33 33 34 33 47 16
36.165642976760864  : 68 10 ef 68 84 01 34 88 16
36.21836733818054   : 68 20 df 68 02 02 38 3b 46 16
36.23994851112366   : 68 20 df 68 82 0c 63 59 6f 35 33 4c 33 33 33 33 33 33 6e 16
