23.434959888458252  : 68 20 df 68 01 01 34 05 16
23.445677757263184  : 68 20 df 68 81 01 33 84 16
23.55545926094055   : 68 20 df 68 01 01 36 07 16
23.589576244354248  : 68 20 df 68 81 10 80 88 64 66 67 6b 65 75 67 65 68 64 63 6c 6a 64 13 16
24.1533420085907    : 68 20 df 68 01 01 35 06 16
24.17413091659546   : 68 20 df 68 81 10 88 64 78 63 65 89 64 64 88 64 78 63 65 89 64 64 5a 16
24.53185272216797   : 68 20 df 68 01 01 37 08 16
24.542351007461548  : 68 20 df 68 81 01 44 95 16
24.64757776260376   : 68 20 df 68 05 02 4f b9 de 16
24.668670415878296  : 68 20 df 68 85 01 01 56 16
24.827800035476685  : 68 20 df 68 02 02 38 3b 46 16
24.848668575286865  : 68 20 df 68 82 0c 63 59 6f 34 33 4c 33 33 33 33 3b 33 75 16
24.948912143707275  : 68 31 ce 68 02 02 60 42 75 16
25.08222723007202   : 68 10 ef 68 04 0f 39 53 34 33 33 33 33 33 33 33 33 33 ff ff 33 9e 16
25.10309648513794   : 68 10 ef 68 84 01 34 88 16
25.214014053344727  : 68 20 df 68 02 02 38 3b 46 16
25.23510241508484   : 68 20 df 68 82 0c 63 59 6f 34 33 4c 33 33 33 33 3b 33 75 16
25.330095767974854  : 68 70 8f 68 02 02 53 39 5f 16
25.461482048034668  : 68 10 ef 68 04 0f 39 53 34 33 33 33 33 33 33 33 33 33 ff ff 33 9e 16
25.598097801208496  : 68 20 df 68 02 02 38 3b 46 16
25.618932962417603  : 68 20 df 68 82 0c 63 59 6f 34 33 4c 33 33 33 33 3b 33 75 16
25.724777936935425  : 68 31 ce 68 02 02 6f 5b 9d 16
25.756181716918945  : 68 31 ce 68 82 28 43 3c 43 3f 43 3c 43 40 43 40 43 3d 43 40 43 44 43 42 42 2b 43 40 43 45 43 45 33 33 33 33 33 33 33 33 33 33 33 33 33 33 d8 16
25.852042198181152  : 68 10 ef 68 04 0f 39 53 34 33 33 33 33 33 33 33 33 33 ff ff 33 9e 16
25.883680820465088  : 68 10 ef 68 84 01 34 88 16
26.404099464416504  : 68 20 df 68 02 02 38 3b 46 16
26.4254310131073    : 68 20 df 68 82 0c 63 59 6f 34 33 4c 33 33 33 33 3b 33 75 16
26.544516801834106  : 68 31 ce 68 02 02 35 5e 66 16
26.586467504501343  : 68 31 ce 68 82 2b 47 37 88 88 88 88 34 75 88 80 6c 7f 69 65 86 67 66 68 63 63 68 6c 6b 5d 5c 50 54 59 43 56 1e 79 6f 6a 65 1f 24 34 63 6d cb 34 29 d7 16
26.682215213775635  : 68 10 ef 68 04 0f 39 53 34 33 33 33 33 33 33 33 33 33 ff ff 33 9e 16
26.708828687667847  : 68 10 ef 68 84 01 34 88 16
26.83448100090027   : 68 20 df 68 02 02 38 3b 46 16
26.862706422805786  : 68 20 df 68 82 0c 63 59 6f 34 33 4c 33 33 33 33 3b 33 75 16
26.9637291431427    : 68 70 8f 68 02 02 53 39 5f 16
27.08838200569153   : 68 10 ef 68 04 0f 39 53 34 33 33 33 33 33 33 33 33 33 ff ff 33 9e 16
27.21351647377014   : 68 20 df 68 02 02 38 3b 46 16
27.244680643081665  : 68 20 df 68 82 0c 63 59 6f 34 33 4c 33 33 33 33 3b 33 75 16
27.37191343307495   : 68 20 df 68 01 01 34 05 16
27.51125144958496   : 68 20 df 68 01 01 34 05 16
27.521992206573486  : 68 20 df 68 81 01 33 84 16
27.62369990348816   : 68 20 df 68 01 01 36 07 16
27.65581774711609   : 68 20 df 68 81 10 80 88 64 66 67 6b 65 75 67 65 68 64 63 6c 6a 64 13 16
27.746965408325195  : 68 20 df 68 01 01 35 06 16
27.768256187438965  : 68 20 df 68 81 10 88 64 78 63 65 89 64 64 88 64 78 63 65 89 64 64 5a 16
27.87998867034912   : 68 20 df 68 01 01 37 08 16
27.901163816452026  : 68 20 df 68 81 01 44 95 16
27.996842861175537  : 68 20 df 68 05 02 4f b9 de 16
28.018154621124268  : 68 20 df 68 85 01 01 56 16
28.14529538154602   : 68 20 df 68 02 02 38 3b 46 16
28.27777361869812   : 68 31 ce 68 02 02 60 42 75 16
28.31005024909973   : 68 31 ce 68 82 0f 35 48 33 33 33 33 97 33 33 33 52 52 52 52 51 72 16
28.41374135017395   : 68 10 ef 68 04 0f 35 53 34 33 5d 86 33 33 33 33 97 33 ff ff 33 7b 16
28.434671878814697  : 68 10 ef 68 84 01 34 88 16
28.557449340820312  : 68 20 df 68 02 02 38 3b 46 16
28.578564167022705  : 68 20 df 68 82 0c 63 59 6f 34 33 4c 33 33 33 33 3b 33 75 16
28.67996382713318   : 68 70 8f 68 02 02 53 39 5f 16
28.8046658039093    : 68 10 ef 68 04 0f 39 53 34 33 5d 86 33 33 33 33 97 33 ff ff 33 7f 16
28.836060047149658  : 68 10 ef 68 84 01 34 88 16
28.935888051986694  : 68 20 df 68 02 02 38 3b 46 16
28.961522340774536  : 68 20 df 68 82 0c 63 59 6f 34 33 4c 33 33 33 33 3b 33 75 16
29.064972162246704  : 68 31 ce 68 02 02 6f 5b 9d 16
29.096280097961426  : 68 31 ce 68 82 28 43 3c 43 3f 43 3c 43 3f 43 3f 43 3c 43 44 43 42 43 42 42 2f 43 40 43 45 43 44 33 33 33 33 33 33 33 33 33 33 33 33 33 33 da 16
29.19670605659485   : 68 10 ef 68 04 0f 39 53 34 33 5d 86 33 33 33 33 97 33 ff ff 33 7f 16
29.32400679588318   : 68 20 df 68 02 02 38 3b 46 16
29.356126070022583  : 68 20 df 68 82 0c 63 59 6f 34 33 4c 33 33 33 33 3b 33 75 16
29.44674587249756   : 68 31 ce 68 02 02 35 5e 66 16
29.488755226135254  : 68 31 ce 68 82 2b 47 37 88 88 88 88 34 75 88 80 6c 7f 69 65 86 67 66 68 63 63 68 6c 6b 5d 5c 50 54 59 43 56 1e 79 6f 6a 65 1f 24 34 63 6d cb 34 29 d7 16
29.580260038375854  : 68 10 ef 68 04 0f 39 53 34 33 5d 86 33 33 33 33 97 33 ff ff 33 7f 16
29.61787438392639   : 68 10 ef 68 84 01 34 88 16
29.70729660987854   : 68 20 df 68 02 02 38 3b 46 16
29.728198766708374  : 68 20 df 68 82 0c 63 59 6f 34 33 4c 33 33 33 33 3b 33 75 16
29.82943320274353   : 68 70 8f 68 02 02 53 39 5f 16
29.964905977249146  : 68 10 ef 68 04 0f 39 53 34 33 5d 86 33 33 33 33 97 33 ff ff 33 7f 16
29.99596118927002   : 68 10 ef 68 84 01 34 88 16
30.096808195114136  : 68 20 df 68 02 02 38 3b 46 16
30.109139442443848  : 68 20 df 68 82 0c 63 59 6f 34 33 4c 33 33 33 33 3b 33 75 16
30.214157104492188  : 68 31 ce 68 02 02 60 42 75 16
30.235097885131836  : 68 31 ce 68 82 0f 35 48 33 33 33 33 97 33 33 33 51 51 51 51 50 6d 16
30.34676957130432   : 68 10 ef 68 04 0f 39 53 34 33 5d 86 33 33 33 33 97 33 ff ff 33 7f 16
30.47368025779724   : 68 20 df 68 02 02 38 3b 46 16
30.505346536636353  : 68 20 df 68 82 0c 63 59 6f 34 33 4c 33 33 33 33 3b 33 75 16
30.596853494644165  : 68 70 8f 68 02 02 53 39 5f 16
30.72841477394104   : 68 10 ef 68 04 0f 39 53 34 33 5d 86 33 33 33 33 97 33 ff ff 33 7f 16
30.77077293395996   : 68 10 ef 68 84 01 34 88 16
30.847029447555542  : 68 20 df 68 02 02 38 3b 46 16
30.88014841079712   : 68 20 df 68 82 0c 63 59 6f 34 33 4c 33 33 33 33 3b 33 75 16
30.971514225006104  : 68 31 ce 68 02 02 6f 5b 9d 16
31.003504753112793  : 68 31 ce 68 82 28 43 3c 43 3f 43 3c 43 40 43 40 43 3c 43 40 43 40 43 40 42 2d 43 3f 43 44 43 44 33 33 33 33 33 33 33 33 33 33 33 33 33 33 d0 16
31.106837272644043  : 68 10 ef 68 04 0f 39 53 34 33 5d 86 33 33 33 33 97 33 ff ff 33 7f 16
31.14917540550232   : 68 10 ef 68 84 01 34 88 16
31.218477487564087  : 68 20 df 68 02 02 38 3b 46 16
31.251570224761963  : 68 20 df 68 82 0c 63 59 6f 34 33 4c 33 33 33 33 3b 33 75 16
31.342835187911987  : 68 31 ce 68 02 02 35 5e 66 16
31.385300159454346  : 68 31 ce 68 82 2b 47 37 88 88 88 88 34 75 88 80 6c 7f 69 65 86 67 66 68 63 63 68 6c 6b 5d 5c 50 54 59 43 56 1e 79 6f 6a 65 1f 24 34 63 6d cb 34 29 d7 16
31.48046112060547   : 68 10 ef 68 04 0f 39 53 34 33 5d 86 33 33 33 33 97 33 ff ff 33 7f 16
31.52282428741455   : 68 10 ef 68 84 01 34 88 16
31.603250741958618  : 68 20 df 68 02 02 38 3b 46 16
31.624601125717163  : 68 20 df 68 82 0c 63 59 6f 34 33 4c 33 33 33 33 3b 33 75 16
31.715009212493896  : 68 70 8f 68 02 02 53 39 5f 16
31.854522228240967  : 68 10 ef 68 04 0f 39 53 34 33 5d 86 33 33 33 33 97 33 ff ff 33 7f 16
31.868995904922485  : 68 10 ef 68 84 01 34 88 16
31.96916127204895   : 68 20 df 68 02 02 38 3b 46 16
32.00064420700073   : 68 20 df 68 82 0c 63 59 6f 34 33 4c 33 33 33 33 3b 33 75 16
32.09092998504639   : 68 31 ce 68 02 02 60 42 75 16
32.12281942367554   : 68 31 ce 68 82 0f 35 48 33 33 33 33 97 33 33 33 51 51 51 51 50 6d 16
32.22816300392151   : 68 10 ef 68 04 0f 39 53 34 33 5d 86 33 33 33 33 97 33 ff ff 33 7f 16
32.249356269836426  : 68 10 ef 68 84 01 34 88 16
32.3424186706543    : 68 20 df 68 02 02 38 3b 46 16
32.37461733818054   : 68 20 df 68 82 0c 63 59 6f 34 33 4c 33 33 33 33 3b 33 75 16
32.4623122215271    : 68 70 8f 68 02 02 53 39 5f 16
32.596654653549194  : 68 10 ef 68 04 0f 39 53 34 33 5d 86 33 33 33 33 97 33 ff ff 33 7f 16
32.63180232048035   : 68 10 ef 68 84 01 34 88 16
32.71944713592529   : 68 20 df 68 02 02 38 3b 46 16
32.740434885025024  : 68 20 df 68 82 0c 63 59 6f 34 33 4c 33 33 33 33 3b 33 75 16
32.841614723205566  : 68 31 ce 68 02 02 6f 5b 9d 16
32.875515937805176  : 68 31 ce 68 82 28 43 3c 43 3f 43 3c 43 3f 43 42 43 3c 43 40 43 42 43 40 42 2b 43 40 43 44 43 45 33 33 33 33 33 33 33 33 33 33 33 33 33 33 d3 16
32.9717583656311    : 68 10 ef 68 04 0f 39 53 34 33 5d 86 33 33 33 33 97 33 ff ff 33 7f 16
33.006613969802856  : 68 10 ef 68 84 01 34 88 16
33.090694427490234  : 68 20 df 68 02 02 38 3b 46 16
33.12291359901428   : 68 20 df 68 82 0c 63 59 6f 34 33 4c 33 33 33 33 3b 33 75 16
33.217665672302246  : 68 31 ce 68 02 02 35 5e 66 16
33.2530562877655    : 68 31 ce 68 82 2b 47 37 88 88 88 88 34 75 88 80 6c 7f 69 65 86 67 66 68 63 63 68 6c 6b 5d 5c 50 54 59 43 56 1e 79 6f 6a 65 1f 24 34 63 6d cb 34 29 d7 16
33.40235495567322   : 68 10 ef 68 04 0f 39 53 34 33 5d 86 33 33 33 33 97 33 ff ff 33 7f 16
33.40235495567322   : 68 10 ef 68 84 01 34 88 16
33.47067046165466   : 68 20 df 68 02 02 38 3b 46 16
33.491984128952026  : 68 20 df 68 82 0c 63 59 6f 34 33 4c 33 33 33 33 3b 33 75 16
33.583606481552124  : 68 70 8f 68 02 02 53 39 5f 16
33.72059774398804   : 68 10 ef 68 04 0f 39 53 34 33 5d 86 33 33 33 33 97 33 ff ff 33 7f 16
33.75256848335266   : 68 10 ef 68 84 01 34 88 16
33.84018921852112   : 68 20 df 68 02 02 38 3b 46 16
33.861265897750854  : 68 20 df 68 82 0c 63 59 6f 34 33 4c 33 33 33 33 3b 33 75 16
33.956926107406616  : 68 31 ce 68 02 02 60 42 75 16
33.99549174308777   : 68 31 ce 68 82 0f 35 48 33 33 33 33 97 33 33 33 51 51 51 51 50 6d 16
34.10084867477417   : 68 10 ef 68 04 0f 39 53 34 33 5d 86 33 33 33 33 97 33 ff ff 33 7f 16
34.1334502696991    : 68 10 ef 68 84 01 34 88 16
34.20986866950989   : 68 20 df 68 02 02 38 3b 46 16
34.23477816581726   : 68 20 df 68 82 0c 63 59 6f 34 33 4c 33 33 33 33 3b 33 75 16
34.33679986000061   : 68 70 8f 68 02 02 53 39 5f 16
34.46603012084961   : 68 10 ef 68 04 0f 39 53 34 33 5d 86 33 33 33 33 97 33 ff ff 33 7f 16
34.50822353363037   : 68 10 ef 68 84 01 34 88 16
34.58692216873169   : 68 20 df 68 02 02 38 3b 46 16
34.60826230049133   : 68 20 df 68 82 0c 63 59 6f 35 33 4c 33 33 33 33 3b 33 76 16
34.70644664764404   : 68 31 ce 68 02 02 6f 5b 9d 16
34.748796224594116  : 68 31 ce 68 82 28 43 3c 43 3f 43 3c 43 40 43 40 43 3c 43 40 43 42 43 40 42 2d 43 40 43 44 43 42 33 33 33 33 33 33 33 33 33 33 33 33 33 33 d1 16
34.84506368637085   : 68 10 ef 68 04 0f 39 53 35 33 5d 86 33 33 33 33 97 33 ff ff 33 80 16
34.88022589683533   : 68 10 ef 68 84 01 34 88 16
34.95686936378479   : 68 20 df 68 02 02 38 3b 46 16
34.98889946937561   : 68 20 df 68 82 0c 63 59 6f 35 33 4c 33 33 33 33 3b 33 76 16
35.08418297767639   : 68 31 ce 68 02 02 35 5e 66 16
35.116238832473755  : 68 31 ce 68 82 2b 47 37 88 88 88 88 34 75 88 80 6c 7f 69 65 86 67 66 68 63 63 68 6c 6b 5d 5c 50 54 59 43 56 1e 79 6f 6a 65 1f 24 34 63 6d cb 34 29 d7 16
35.2193808555603    : 68 10 ef 68 04 0f 39 53 35 33 5d 86 33 33 33 33 97 33 ff ff 33 80 16
35.26264142990112   : 68 10 ef 68 84 01 34 88 16
35.336957931518555  : 68 20 df 68 02 02 38 3b 46 16
35.45886588096619   : 68 70 8f 68 02 02 53 39 5f 16
35.59288549423218   : 68 10 ef 68 04 0f 39 53 35 33 5d 86 33 33 33 33 97 33 ff ff 33 80 16
35.614264249801636  : 68 10 ef 68 84 01 34 88 16
35.71075630187988   : 68 20 df 68 02 02 38 3b 46 16
35.732316732406616  : 68 20 df 68 82 0c 63 59 6f 35 33 4c 33 33 33 33 3b 33 76 16
35.827706813812256  : 68 31 ce 68 02 02 60 42 75 16
35.859371185302734  : 68 31 ce 68 82 0f 35 48 33 33 33 33 97 33 33 33 51 51 51 51 50 6d 16
35.961050510406494  : 68 10 ef 68 04 0f 39 53 35 33 5d 86 33 33 33 33 97 33 ff ff 33 80 16
35.99317932128906   : 68 10 ef 68 84 01 34 88 16
36.08312511444092   : 68 20 df 68 02 02 38 3b 46 16
36.111881256103516  : 68 20 df 68 82 0c 63 59 6f 35 33 4c 33 33 33 33 3b 33 76 16
36.207141637802124  : 68 70 8f 68 02 02 53 39 5f 16
36.335124492645264  : 68 10 ef 68 04 0f 39 53 35 33 5d 86 33 33 33 33 97 33 ff ff 33 80 16
36.367220878601074  : 68 10 ef 68 84 01 34 88 16
36.458043813705444  : 68 20 df 68 02 02 38 3b 46 16
36.47925162315369   : 68 20 df 68 82 0c 63 59 6f 35 33 4c 33 33 33 33 3b 33 76 16
36.57287096977234   : 68 31 ce 68 02 02 6f 5b 9d 16
36.61336016654968   : 68 31 ce 68 82 28 43 3a 43 3f 43 3d 43 40 43 40 43 3c 43 42 43 42 43 42 42 2b 43 40 43 44 43 42 33 33 33 33 33 33 33 33 33 33 33 33 33 33 d2 16
36.71894884109497   : 68 10 ef 68 04 0f 39 53 35 33 5d 86 33 33 33 33 97 33 ff ff 33 80 16
36.740071058273315  : 68 10 ef 68 84 01 34 88 16
36.82706689834595   : 68 20 df 68 02 02 38 3b 46 16
36.85901927947998   : 68 20 df 68 82 0c 63 59 6f 35 33 4c 33 33 33 33 3b 33 76 16
36.94833970069885   : 68 31 ce 68 02 02 35 5e 66 16
36.9905104637146    : 68 31 ce 68 82 2b 47 37 88 88 88 88 34 75 88 80 6c 7f 69 65 86 67 66 68 63 63 68 6c 6b 5d 5c 50 54 59 43 56 1e 79 6f 6a 65 1f 24 34 63 6d cb 34 29 d7 16
37.09651041030884   : 68 10 ef 68 04 0f 39 53 35 33 5d 86 33 33 33 33 97 33 ff ff 33 80 16
37.11828637123108   : 68 10 ef 68 84 01 34 88 16
37.202479124069214  : 68 20 df 68 02 02 38 3b 46 16
37.22954726219177   : 68 20 df 68 82 0c 63 59 6f 35 33 4c 33 33 33 33 3b 33 76 16
37.32316780090332   : 68 70 8f 68 02 02 53 39 5f 16
37.454959869384766  : 68 10 ef 68 04 0f 39 53 35 33 5d 86 33 33 33 33 97 33 ff ff 33 80 16
37.49738430976868   : 68 10 ef 68 84 01 34 88 16
37.58211922645569   : 68 20 df 68 02 02 38 3b 46 16
37.603461027145386  : 68 20 df 68 82 0c 63 59 6f 35 33 4c 33 33 33 33 3b 33 76 16
37.7013373374939    : 68 31 ce 68 02 02 60 42 75 16
37.722543239593506  : 68 31 ce 68 82 0f 35 48 33 33 33 33 97 33 33 33 51 51 51 51 50 6d 16
37.82931709289551   : 68 10 ef 68 04 0f 39 53 35 33 5d 86 33 33 33 33 97 33 ff ff 33 80 16
37.87187957763672   : 68 10 ef 68 84 01 34 88 16
37.95287013053894   : 68 20 df 68 02 02 38 3b 46 16
37.974263429641724  : 68 20 df 68 82 0c 63 59 6f 35 33 4c 33 33 33 33 3b 33 76 16
38.07524085044861   : 68 70 8f 68 02 02 53 39 5f 16
38.209516525268555  : 68 10 ef 68 04 0f 39 53 35 33 5d 86 33 33 33 33 97 33 ff ff 33 80 16
38.24586510658264   : 68 10 ef 68 84 01 34 88 16
38.32418656349182   : 68 20 df 68 02 02 38 3b 46 16
38.3463454246521    : 68 20 df 68 82 0c 63 59 6f 34 33 4c 33 33 33 33 3b 33 75 16
38.45028901100159   : 68 31 ce 68 02 02 6f 5b 9d 16
38.48205757141113   : 68 31 ce 68 82 28 43 3c 43 3f 43 3c 43 42 43 3f 43 3d 43 42 43 44 43 40 42 2a 43 40 43 45 43 45 33 33 33 33 33 33 33 33 33 33 33 33 33 33 d8 16
38.579549074172974  : 68 10 ef 68 04 0f 39 53 34 33 5d 86 33 33 33 33 97 33 ff ff 33 7f 16
38.62186360359192   : 68 10 ef 68 84 01 34 88 16
38.696441650390625  : 68 20 df 68 02 02 38 3b 46 16
38.728256702423096  : 68 20 df 68 82 0c 63 59 6f 34 33 4c 33 33 33 33 3b 33 75 16
38.81660342216492   : 68 31 ce 68 02 02 35 5e 66 16
38.85909104347229   : 68 31 ce 68 82 2b 47 37 88 88 88 88 34 75 88 80 6c 7f 69 65 86 67 66 68 63 63 68 6c 6b 5d 5c 50 54 59 43 56 1e 79 6f 6a 65 1f 24 34 63 6d cb 34 29 d7 16
38.95603942871094   : 68 10 ef 68 04 0f 39 53 34 33 5d 86 33 33 33 33 97 33 ff ff 33 7f 16
38.97779440879822   : 68 10 ef 68 84 01 34 88 16
39.07317590713501   : 68 20 df 68 02 02 38 3b 46 16
39.09424376487732   : 68 20 df 68 82 0c 63 59 6f 34 33 4c 33 33 33 33 3b 33 75 16
39.1955840587616    : 68 70 8f 68 02 02 53 39 5f 16
39.333441495895386  : 68 10 ef 68 04 0f 39 53 34 33 5d 86 33 33 33 33 97 33 ff ff 33 7f 16
39.35511302947998   : 68 10 ef 68 84 01 34 88 16
39.450812101364136  : 68 20 df 68 02 02 38 3b 46 16
39.474645137786865  : 68 20 df 68 82 0c 63 59 6f 34 33 4c 33 33 33 33 3b 33 75 16
39.56553077697754   : 68 31 ce 68 02 02 60 42 75 16
39.59410905838013   : 68 31 ce 68 82 0f 35 48 33 33 33 33 97 33 33 33 51 51 51 51 50 6d 16
39.700424909591675  : 68 10 ef 68 04 0f 39 53 34 33 5d 86 33 33 33 33 97 33 ff ff 33 7f 16
39.73232960700989   : 68 10 ef 68 84 01 34 88 16
39.81677007675171   : 68 20 df 68 02 02 38 3b 46 16
39.84987545013428   : 68 20 df 68 82 0c 63 59 6f 34 33 4c 33 33 33 33 3b 33 75 16
39.941991090774536  : 68 70 8f 68 02 02 53 39 5f 16
40.079039335250854  : 68 10 ef 68 04 0f 39 53 34 33 5d 86 33 33 33 33 97 33 ff ff 33 7f 16
40.11101055145264   : 68 10 ef 68 84 01 34 88 16
40.19542217254639   : 68 20 df 68 02 02 38 3b 46 16
40.22734808921814   : 68 20 df 68 82 0c 63 59 6f 34 33 4c 33 33 33 33 3b 33 75 16
40.322918176651     : 68 31 ce 68 02 02 6f 5b 9d 16
40.36149072647095   : 68 31 ce 68 82 28 43 3c 43 3f 43 3d 43 3f 43 40 43 3c 43 42 43 42 43 40 42 2b 43 40 43 44 43 45 33 33 33 33 33 33 33 33 33 33 33 33 33 33 d4 16
40.447269678115845  : 68 10 ef 68 04 0f 39 53 34 33 5d 86 33 33 33 33 97 33 ff ff 33 7f 16
40.47866916656494   : 68 10 ef 68 84 01 34 88 16
40.57249140739441   : 68 20 df 68 02 02 38 3b 46 16
40.593883752822876  : 68 20 df 68 82 0c 63 59 6f 34 33 4c 33 33 33 33 3b 33 75 16
40.685203552246094  : 68 31 ce 68 02 02 35 5e 66 16
40.72862720489502   : 68 31 ce 68 82 2b 47 37 88 88 88 88 34 75 88 80 6c 7f 69 65 86 67 66 68 63 63 68 6c 6b 5d 5c 50 54 59 43 56 1e 79 6f 6a 65 1f 24 34 63 6d cb 34 29 d7 16
40.82955741882324   : 68 10 ef 68 04 0f 39 53 34 33 5d 86 33 33 33 33 97 33 ff ff 33 7f 16
40.862695932388306  : 68 10 ef 68 84 01 34 88 16
40.947168827056885  : 68 20 df 68 02 02 38 3b 46 16
40.968512773513794  : 68 20 df 68 82 0c 63 59 6f 34 33 4c 33 33 33 33 3b 33 75 16
41.06203103065491   : 68 70 8f 68 02 02 53 39 5f 16
41.18879175186157   : 68 10 ef 68 04 0f 39 53 34 33 5d 86 33 33 33 33 97 33 ff ff 33 7f 16
41.23178791999817   : 68 10 ef 68 84 01 34 88 16
41.3112268447876    : 68 20 df 68 02 02 38 3b 46 16
41.33310008049011   : 68 20 df 68 82 0c 63 59 6f 35 33 4c 33 33 33 33 3b 33 76 16
41.43007755279541   : 68 31 ce 68 02 02 60 42 75 16
41.464290618896484  : 68 31 ce 68 82 0f 35 48 33 33 33 33 97 33 33 33 51 51 51 51 50 6d 16
41.55983066558838   : 68 10 ef 68 04 0f 39 53 35 33 5d 86 33 33 33 33 97 33 ff ff 33 80 16
41.591968297958374  : 68 10 ef 68 84 01 34 88 16
41.679383277893066  : 68 20 df 68 02 02 38 3b 46 16
41.71196126937866   : 68 20 df 68 82 0c 63 59 6f 35 33 4c 33 33 33 33 3b 33 76 16
41.79982614517212   : 68 70 8f 68 02 02 53 39 5f 16
41.926231145858765  : 68 10 ef 68 04 0f 39 53 35 33 5d 86 33 33 33 33 97 33 ff ff 33 80 16
41.96214270591736   : 68 10 ef 68 84 01 34 88 16
42.04938769340515   : 68 20 df 68 02 02 38 3b 46 16
42.0710711479187    : 68 20 df 68 82 0c 63 59 6f 35 33 4c 33 33 33 33 3b 33 76 16
42.18379282951355   : 68 31 ce 68 02 02 6f 5b 9d 16
42.209020376205444  : 68 31 ce 68 82 28 43 3d 43 3f 43 3c 43 3f 43 40 43 3a 43 40 43 42 43 40 42 2d 43 40 43 44 43 44 33 33 33 33 33 33 33 33 33 33 33 33 33 33 d1 16
42.287989139556885  : 68 10 ef 68 04 0f 39 53 35 33 5d 86 33 33 33 33 97 33 ff ff 33 80 16
42.32002782821655   : 68 10 ef 68 84 01 34 88 16
42.40566110610962   : 68 20 df 68 02 02 38 3b 46 16
42.43798899650574   : 68 20 df 68 82 0c 63 59 6f 35 33 4c 33 33 33 33 3b 33 76 16
42.52867841720581   : 68 31 ce 68 02 02 35 5e 66 16
42.56046724319458   : 68 31 ce 68 82 2b 47 37 88 88 88 88 34 75 88 80 6c 7f 69 65 86 67 66 68 63 63 68 6c 6b 5d 5c 50 54 59 43 56 1e 79 6f 6a 65 1f 24 34 63 6d cb 34 29 d7 16
42.65781021118164   : 68 10 ef 68 04 0f 39 53 35 33 5d 86 33 33 33 33 97 33 ff ff 33 80 16
42.68960094451904   : 68 10 ef 68 84 01 34 88 16
42.774678230285645  : 68 20 df 68 02 02 38 3b 46 16
42.79574704170227   : 68 20 df 68 82 0c 63 59 6f 35 33 4c 33 33 33 33 3b 33 76 16
42.89151334762573   : 68 70 8f 68 02 02 53 39 5f 16
43.02233862876892   : 68 10 ef 68 04 0f 39 53 35 33 5d 86 33 33 33 33 97 33 ff ff 33 80 16
43.051965951919556  : 68 10 ef 68 84 01 34 88 16
43.14884328842163   : 68 20 df 68 02 02 38 3b 46 16
43.15942311286926   : 68 20 df 68 82 0c 63 59 6f 35 33 4c 33 33 33 33 3b 33 76 16
43.25628876686096   : 68 31 ce 68 02 02 60 42 75 16
43.28797173500061   : 68 31 ce 68 82 0f 35 48 33 33 33 33 97 33 33 33 51 51 51 51 50 6d 16
43.39424920082092   : 68 10 ef 68 04 0f 39 53 35 33 5d 86 33 33 33 33 97 33 ff ff 33 80 16
43.41609597206116   : 68 10 ef 68 84 01 34 88 16
43.5115807056427    : 68 20 df 68 02 02 38 3b 46 16
43.533127546310425  : 68 20 df 68 82 0c 63 59 6f 35 33 4c 33 33 33 33 33 33 6e 16
43.63442873954773   : 68 70 8f 68 02 02 53 39 5f 16
43.754048347473145  : 68 10 ef 68 04 0f 35 53 35 33 5d 86 33 33 33 33 97 33 ff ff 33 7c 16
43.79677128791809   : 68 10 ef 68 84 01 34 88 16
43.87218880653381   : 68 20 df 68 02 02 38 3b 46 16
43.893608808517456  : 68 20 df 68 82 0c 63 59 6f 35 33 4c 33 33 33 33 33 33 6e 16
43.991714000701904  : 68 31 ce 68 02 02 6f 5b 9d 16
44.0242063999176    : 68 31 ce 68 82 28 43 3d 43 40 43 3d 43 3f 43 42 43 3c 43 42 43 40 43 40 42 2b 43 42 43 45 43 44 33 33 33 33 33 33 33 33 33 33 33 33 33 33 d8 16
44.12006855010986   : 68 10 ef 68 04 0f 35 53 35 33 5d 86 33 33 33 33 97 33 ff ff 33 7c 16
44.14489793777466   : 68 10 ef 68 84 01 34 88 16
44.23882865905762   : 68 20 df 68 02 02 38 3b 46 16
44.26120924949646   : 68 20 df 68 82 0c 63 59 6f 35 33 4c 33 33 33 33 33 33 6e 16
44.35130023956299   : 68 31 ce 68 02 02 35 5e 66 16
44.3936083316803    : 68 31 ce 68 82 2b 47 37 88 88 88 88 34 75 88 80 6c 7f 69 65 86 67 66 68 63 63 68 6c 6b 5d 5c 50 54 59 43 56 1e 79 6f 6a 65 1f 24 34 63 6d cb 34 29 d7 16
44.481521129608154  : 68 10 ef 68 04 0f 35 53 35 33 5d 86 33 33 33 33 97 33 ff ff 33 7c 16
44.53008198738098   : 68 10 ef 68 84 01 34 88 16
44.59924626350403   : 68 20 df 68 02 02 38 3b 46 16
44.63144659996033   : 68 20 df 68 82 0c 63 59 6f 35 33 4c 33 33 33 33 33 33 6e 16
44.71616291999817   : 68 70 8f 68 02 02 53 39 5f 16
44.85227727890015   : 68 10 ef 68 04 0f 35 53 35 33 5d 86 33 33 33 33 97 33 ff ff 33 7c 16
44.873987436294556  : 68 10 ef 68 84 01 34 88 16
44.97124910354614   : 68 20 df 68 02 02 38 3b 46 16
44.992788314819336  : 68 20 df 68 82 0c 63 59 6f 35 33 4c 33 33 33 33 33 33 6e 16
45.08009123802185   : 68 31 ce 68 02 02 60 42 75 16
45.112391233444214  : 68 31 ce 68 82 0f 35 48 33 33 33 33 97 33 33 33 51 50 51 50 50 6b 16
45.209096908569336  : 68 10 ef 68 04 0f 35 53 35 33 5d 86 33 33 33 33 97 33 ff ff 33 7c 16
45.25200057029724   : 68 10 ef 68 84 01 34 88 16
45.3310170173645    : 68 20 df 68 02 02 38 3b 46 16
45.3525173664093    : 68 20 df 68 82 0c 63 59 6f 35 33 4c 33 33 33 33 3b 33 76 16
45.448936223983765  : 68 70 8f 68 02 02 53 39 5f 16
45.58672070503235   : 68 10 ef 68 04 0f 39 53 35 33 5d 86 33 33 33 33 97 33 ff ff 33 80 16
45.60806179046631   : 68 10 ef 68 84 01 34 88 16
45.70532822608948   : 68 20 df 68 02 02 38 3b 46 16
45.73227643966675   : 68 20 df 68 82 0c 63 59 6f 35 33 4c 33 33 33 33 3b 33 76 16
45.81269550323486   : 68 31 ce 68 02 02 6f 5b 9d 16
45.85080099105835   : 68 31 ce 68 82 28 43 3c 43 3f 43 3c 43 40 43 3f 43 3a 43 44 43 42 43 42 42 2b 43 40 43 44 43 44 33 33 33 33 33 33 33 33 33 33 33 33 33 33 d4 16
45.94606256484985   : 68 10 ef 68 04 0f 39 53 35 33 5d 86 33 33 33 33 97 33 ff ff 33 80 16
45.978267431259155  : 68 10 ef 68 84 01 34 88 16
46.069467067718506  : 68 20 df 68 02 02 38 3b 46 16
46.09112334251404   : 68 20 df 68 82 0c 63 59 6f 35 33 4c 33 33 33 33 3b 33 76 16
46.17547583580017   : 68 31 ce 68 02 02 35 5e 66 16
46.21869921684265   : 68 31 ce 68 82 2b 47 37 88 88 88 88 34 75 88 80 6c 7f 69 65 86 67 66 68 63 63 68 6c 6b 5d 5c 50 54 59 43 56 1e 79 6f 6a 65 1f 24 34 63 6d cb 34 29 d7 16
46.310755491256714  : 68 10 ef 68 04 0f 39 53 35 33 5d 86 33 33 33 33 97 33 ff ff 33 80 16
46.332419872283936  : 68 10 ef 68 84 01 34 88 16
46.43361139297485   : 68 20 df 68 02 02 38 3b 46 16
46.455087423324585  : 68 20 df 68 82 0c 63 59 6f 35 33 4c 33 33 33 33 3b 33 76 16
46.544742584228516  : 68 70 8f 68 02 02 53 39 5f 16
46.68074989318848   : 68 10 ef 68 04 0f 39 53 35 33 5d 86 33 33 33 33 97 33 ff ff 33 80 16
46.7126739025116    : 68 10 ef 68 84 01 34 88 16
46.79434132575989   : 68 20 df 68 02 02 38 3b 46 16
46.81593942642212   : 68 20 df 68 82 0c 63 59 6f 35 33 4c 33 33 33 33 3b 33 76 16
46.911160945892334  : 68 31 ce 68 02 02 60 42 75 16
46.94288873672485   : 68 31 ce 68 82 0f 35 48 33 33 33 33 97 33 33 33 51 51 51 51 50 6d 16
47.04296922683716   : 68 10 ef 68 04 0f 39 53 35 33 5d 86 33 33 33 33 97 33 ff ff 33 80 16
47.085861921310425  : 68 10 ef 68 84 01 34 88 16
47.15909147262573   : 68 20 df 68 02 02 38 3b 46 16
47.195178270339966  : 68 20 df 68 82 0c 63 59 6f 35 33 4c 33 33 33 33 3b 33 76 16
47.284048080444336  : 68 70 8f 68 02 02 53 39 5f 16
47.502137899398804  : 68 10 ef 68 04 0f 39 53 35 33 5d 86 33 33 33 33 97 33 ff ff 33 80 16
47.534390449523926  : 68 10 ef 68 84 01 34 88 16
47.61566209793091   : 68 20 df 68 02 02 38 3b 46 16
47.63735032081604   : 68 20 df 68 82 0c 63 59 6f 35 33 4c 33 33 33 33 3b 33 76 16
47.727898597717285  : 68 31 ce 68 02 02 6f 5b 9d 16
47.771121978759766  : 68 31 ce 68 82 28 43 3a 43 40 43 3c 43 3f 43 3f 43 3c 43 42 43 42 43 40 42 2b 43 42 43 45 43 42 33 33 33 33 33 33 33 33 33 33 33 33 33 33 d1 16
47.867124795913696  : 68 10 ef 68 04 0f 39 53 35 33 5d 86 33 33 33 33 97 33 ff ff 33 80 16
47.88849592208862   : 68 10 ef 68 84 01 34 88 16
47.977954149246216  : 68 20 df 68 02 02 38 3b 46 16
48.009931802749634  : 68 20 df 68 82 0c 63 59 6f 35 33 4c 33 33 33 33 3b 33 76 16
48.102494955062866  : 68 31 ce 68 02 02 35 5e 66 16
48.13436985015869   : 68 31 ce 68 82 2b 47 37 88 88 88 88 34 75 88 80 6c 7f 69 65 86 67 66 68 63 63 68 6c 6b 5d 5c 50 54 59 43 56 1e 79 6f 6a 65 1f 24 34 63 6d cb 34 29 d7 16
48.2301766872406    : 68 10 ef 68 04 0f 39 53 35 33 5d 86 33 33 33 33 97 33 ff ff 33 80 16
48.26196074485779   : 68 10 ef 68 84 01 34 88 16
48.344350814819336  : 68 20 df 68 02 02 38 3b 46 16
48.365501165390015  : 68 20 df 68 82 0c 63 59 6f 35 33 4c 33 33 33 33 3b 33 76 16
48.462509632110596  : 68 70 8f 68 02 02 53 39 5f 16
48.58790421485901   : 68 10 ef 68 04 0f 39 53 35 33 5d 86 33 33 33 33 97 33 ff ff 33 80 16
48.609158754348755  : 68 10 ef 68 84 01 34 88 16
48.705342054367065  : 68 20 df 68 02 02 38 3b 46 16
48.73723530769348   : 68 20 df 68 82 0c 63 59 6f 35 33 4c 33 33 33 33 3b 33 76 16
48.821537017822266  : 68 31 ce 68 02 02 60 42 75 16
48.853511095047     : 68 31 ce 68 82 0f 35 48 33 33 33 33 97 33 33 33 51 51 51 51 50 6d 16
48.955730676651     : 68 10 ef 68 04 0f 39 53 35 33 5d 86 33 33 33 33 97 33 ff ff 33 80 16
48.98805475234985   : 68 10 ef 68 84 01 34 88 16
49.083810567855835  : 68 20 df 68 02 02 38 3b 46 16
49.09428381919861   : 68 20 df 68 82 0c 63 59 6f 35 33 4c 33 33 33 33 3b 33 76 16
49.18460965156555   : 68 70 8f 68 02 02 53 39 5f 16
49.31657910346985   : 68 10 ef 68 04 0f 39 53 35 33 5d 86 33 33 33 33 97 33 ff ff 33 80 16
49.338197469711304  : 68 10 ef 68 84 01 34 88 16
49.44372916221619   : 68 20 df 68 02 02 38 3b 46 16
49.46560311317444   : 68 20 df 68 82 0c 63 59 6f 35 33 4c 33 33 33 33 3b 33 76 16
49.557334661483765  : 68 31 ce 68 02 02 6f 5b 9d 16
49.58942937850952   : 68 31 ce 68 82 28 43 38 43 40 43 3c 43 3f 43 40 43 3d 43 44 43 40 43 40 42 2d 43 3f 43 42 43 45 33 33 33 33 33 33 33 33 33 33 33 33 33 33 d0 16
49.694326400756836  : 68 10 ef 68 04 0f 39 53 35 33 5d 86 33 33 33 33 97 33 ff ff 33 80 16
49.71581244468689   : 68 10 ef 68 84 01 34 88 16
49.81273794174194   : 68 20 df 68 02 02 38 3b 46 16
49.82336139678955   : 68 20 df 68 82 0c 63 59 6f 35 33 4c 33 33 33 33 3b 33 76 16
49.92731690406799   : 68 31 ce 68 02 02 35 5e 66 16
49.959362506866455  : 68 31 ce 68 82 2b 47 37 88 88 88 88 34 75 88 80 6c 7f 69 65 86 67 66 68 63 63 68 6c 6b 5d 5c 50 54 59 43 56 1e 79 6f 6a 65 1f 24 34 63 6d cb 34 29 d7 16
50.05489778518677   : 68 10 ef 68 04 0f 39 53 35 33 5d 86 33 33 33 33 97 33 ff ff 33 80 16
50.09726405143738   : 68 10 ef 68 84 01 34 88 16
50.178266525268555  : 68 20 df 68 02 02 38 3b 46 16
50.194565534591675  : 68 20 df 68 82 0c 63 59 6f 35 33 4c 33 33 33 33 3b 33 76 16
50.28196120262146   : 68 70 8f 68 02 02 53 39 5f 16
50.41425323486328   : 68 10 ef 68 04 0f 39 53 35 33 5d 86 33 33 33 33 97 33 ff ff 33 80 16
50.446083784103394  : 68 10 ef 68 84 01 34 88 16
50.54084062576294   : 68 20 df 68 02 02 38 3b 46 16
50.56610631942749   : 68 20 df 68 82 0c 63 59 6f 35 33 4c 33 33 33 33 3b 33 76 16
50.65493822097778   : 68 31 ce 68 02 02 60 42 75 16
50.6875057220459    : 68 31 ce 68 82 0f 35 48 33 33 33 33 97 33 33 33 51 51 51 51 50 6d 16
50.78795671463013   : 68 10 ef 68 04 0f 39 53 35 33 5d 86 33 33 33 33 97 33 ff ff 33 80 16
50.82016134262085   : 68 10 ef 68 84 01 34 88 16
50.904354095458984  : 68 20 df 68 02 02 38 3b 46 16
50.92591309547424   : 68 20 df 68 82 0c 63 59 6f 35 33 4c 33 33 33 33 3b 33 76 16
51.02725791931152   : 68 70 8f 68 02 02 53 39 5f 16
51.14899706840515   : 68 10 ef 68 04 0f 39 53 35 33 5d 86 33 33 33 33 97 33 ff ff 33 80 16
51.17020297050476   : 68 10 ef 68 84 01 34 88 16
51.26597285270691   : 68 20 df 68 02 02 38 3b 46 16
51.29800462722778   : 68 20 df 68 82 0c 63 59 6f 35 33 4c 33 33 33 33 3b 33 76 16
51.383803367614746  : 68 31 ce 68 02 02 6f 5b 9d 16
51.42938232421875   : 68 31 ce 68 82 28 43 3c 43 3f 43 3c 43 3f 43 3f 43 3c 43 40 43 44 43 44 42 2d 43 3f 43 45 43 44 33 33 33 33 33 33 33 33 33 33 33 33 33 33 d7 16
51.5156409740448    : 68 10 ef 68 04 0f 39 53 35 33 5d 86 33 33 33 33 97 33 ff ff 33 80 16
51.55329513549805   : 68 10 ef 68 84 01 34 88 16
51.64420485496521   : 68 20 df 68 02 02 38 3b 46 16
51.65521049499512   : 68 20 df 68 82 0c 63 59 6f 35 33 4c 33 33 33 33 3b 33 76 16
51.74596118927002   : 68 31 ce 68 02 02 35 5e 66 16
51.790393590927124  : 68 31 ce 68 82 2b 47 37 88 88 88 88 34 75 88 80 6c 7f 69 65 86 67 66 68 63 63 68 6c 6b 5d 5c 50 54 59 43 56 1e 79 6f 6a 65 1f 24 34 63 6d cb 34 29 d7 16
51.89373850822449   : 68 10 ef 68 04 0f 39 53 35 33 5d 86 33 33 33 33 97 33 ff ff 33 80 16
51.90434169769287   : 68 10 ef 68 84 01 34 88 16
51.999985218048096  : 68 20 df 68 02 02 38 3b 46 16
52.021432876586914  : 68 20 df 68 82 0c 63 59 6f 35 33 4c 33 33 33 33 3b 33 76 16
52.11035084724426   : 68 70 8f 68 02 02 53 39 5f 16
52.24759554862976   : 68 10 ef 68 04 0f 39 53 35 33 5d 86 33 33 33 33 97 33 ff ff 33 80 16
52.275766134262085  : 68 10 ef 68 84 01 34 88 16
52.360923290252686  : 68 20 df 68 02 02 38 3b 46 16
52.39264440536499   : 68 20 df 68 82 0c 63 59 6f 35 33 4c 33 33 33 33 3b 33 76 16
52.4774124622345    : 68 31 ce 68 02 02 60 42 75 16
52.50858116149902   : 68 31 ce 68 82 0f 35 48 33 33 33 33 97 33 33 33 51 51 51 51 50 6d 16
52.6101279258728    : 68 10 ef 68 04 0f 39 53 35 33 5d 86 33 33 33 33 97 33 ff ff 33 80 16
52.6519889831543    : 68 10 ef 68 84 01 34 88 16
52.72648239135742   : 68 20 df 68 02 02 38 3b 46 16
52.75406837463379   : 68 20 df 68 82 0c 63 59 6f 35 33 4c 33 33 33 33 3b 33 76 16
52.84363007545471   : 68 70 8f 68 02 02 53 39 5f 16
52.97888898849487   : 68 10 ef 68 04 0f 39 53 35 33 5d 86 33 33 33 33 97 33 ff ff 33 80 16
53.00983715057373   : 68 10 ef 68 84 01 34 88 16
53.09356188774109   : 68 20 df 68 02 02 38 3b 46 16
53.11469841003418   : 68 20 df 68 82 0c 63 59 6f 35 33 4c 33 33 33 33 3b 33 76 16
53.20435380935669   : 68 31 ce 68 02 02 6f 5b 9d 16
53.246957302093506  : 68 31 ce 68 82 28 43 3d 43 40 43 3f 43 3f 43 3f 43 3d 43 44 43 42 43 3f 42 2b 43 42 43 45 43 44 33 33 33 33 33 33 33 33 33 33 33 33 33 33 db 16
53.34415149688721   : 68 10 ef 68 04 0f 39 53 35 33 5d 86 33 33 33 33 97 33 ff ff 33 80 16
53.37831115722656   : 68 10 ef 68 84 01 34 88 16
53.45563292503357   : 68 20 df 68 02 02 38 3b 46 16
53.48698878288269   : 68 20 df 68 82 0c 63 59 6f 35 33 4c 33 33 33 33 3b 33 76 16
53.57698345184326   : 68 31 ce 68 02 02 35 5e 66 16
53.60861372947693   : 68 31 ce 68 82 2b 47 37 88 88 88 88 34 75 88 80 6c 7f 69 65 86 67 66 68 63 63 68 6c 6b 5d 5c 50 54 59 43 56 1e 79 6f 6a 65 1f 24 34 63 6d cb 34 29 d7 16
53.7052264213562    : 68 10 ef 68 04 0f 39 53 35 33 5d 86 33 33 33 33 97 33 ff ff 33 80 16
53.73752760887146   : 68 10 ef 68 84 01 34 88 16
53.82758831977844   : 68 20 df 68 02 02 38 3b 46 16
53.84968900680542   : 68 20 df 68 82 0c 63 59 6f 35 33 4c 33 33 33 33 3b 33 76 16
53.94345569610596   : 68 70 8f 68 02 02 53 39 5f 16
54.06949782371521   : 68 10 ef 68 04 0f 39 53 35 33 5d 86 33 33 33 33 97 33 ff ff 33 80 16
54.11127257347107   : 68 10 ef 68 84 01 34 88 16
54.18506455421448   : 68 20 df 68 02 02 38 3b 46 16
54.30755305290222   : 68 31 ce 68 02 02 60 42 75 16
54.32832336425781   : 68 31 ce 68 82 0f 35 48 33 33 33 33 97 33 33 33 51 51 51 51 50 6d 16
54.43107628822327   : 68 10 ef 68 04 0f 39 53 35 33 5d 86 33 33 33 33 97 33 ff ff 33 80 16
54.552831411361694  : 68 20 df 68 02 02 38 3b 46 16
57.09382176399231   : 68 31 ce 68 02 02 35 5e 66 16
57.13632297515869   : 68 31 ce 68 82 2b 47 37 88 88 88 88 34 75 88 80 6c 7f 69 65 86 67 66 68 63 63 68 6c 6b 5d 5c 50 54 59 43 56 1e 79 6f 6a 65 1f 24 34 63 6d cb 34 29 d7 16
57.610228538513184  : 68 31 ce 68 02 02 60 42 75 16
57.63199305534363   : 68 31 ce 68 82 0f 35 48 33 33 33 33 97 33 33 33 51 51 51 51 50 6d 16
58.117981910705566  : 68 31 ce 68 02 02 6f 5b 9d 16
58.16133999824524   : 68 31 ce 68 82 28 43 3d 43 3f 43 3c 43 3f 43 3f 43 3a 43 42 43 40 43 40 42 2d 43 40 43 47 43 44 33 33 33 33 33 33 33 33 33 33 33 33 33 33 d3 16
