5.815754175186157   : 68 20 df 68 01 01 36 07 16
6.426975250244141   : 68 20 df 68 01 01 36 07 16
6.464121103286743   : 68 20 df 68 81 10 80 88 64 66 67 6b 65 75 67 65 68 64 63 6c 6a 64 13 16
6.485167503356934   : 68 20 df 68 05 02 4f b9 de 16
6.5983521938323975  : 68 20 df 68 01 01 36 07 16
6.630089998245239   : 68 20 df 68 81 10 80 88 64 66 67 6b 65 75 67 65 68 64 63 6c 6a 64 13 16
6.656921863555908   : 68 20 df 68 05 02 4f b9 de 16
6.777458667755127   : 68 31 ce 68 02 02 60 42 75 16
6.913616895675659   : 68 10 ef 68 04 0f b3 33 33 33 34 33 33 33 33 33 66 33 33 34 f1 52 16
6.9347124099731445  : 68 10 ef 68 84 01 34 88 16
6.955989599227905   : 68 20 df 68 01 01 36 07 16
6.987809658050537   : 68 20 df 68 81 10 80 88 64 66 67 6b 65 75 67 65 68 64 63 6c 6a 64 13 16
7.009153127670288   : 68 20 df 68 05 02 4f b9 de 16
7.1319451332092285  : 68 31 ce 68 02 02 60 42 75 16
7.2633373737335205  : 68 10 ef 68 04 0f b3 33 33 33 34 33 33 33 33 33 66 33 33 34 f1 52 16
7.284639596939087   : 68 10 ef 68 84 01 34 88 16
7.305909872055054   : 68 20 df 68 01 01 36 07 16
7.337847948074341   : 68 20 df 68 81 10 80 88 64 66 67 6b 65 75 67 65 68 64 63 6c 6a 64 13 16
7.369408845901489   : 68 20 df 68 05 02 4f b9 de 16
7.480020046234131   : 68 31 ce 68 02 02 60 42 75 16
7.6103355884552     : 68 10 ef 68 04 0f b3 33 33 33 34 33 33 33 33 33 66 33 33 34 f1 52 16
7.631525278091431   : 68 10 ef 68 84 01 34 88 16
7.6630682945251465  : 68 20 df 68 01 01 36 07 16
7.6923253536224365  : 68 20 df 68 81 10 80 88 64 66 67 6b 65 75 67 65 68 64 63 6c 6a 64 13 16
7.713197469711304   : 68 20 df 68 05 02 4f b9 de 16
7.827723503112793   : 68 31 ce 68 02 02 60 42 75 16
7.964751482009888   : 68 10 ef 68 04 0f b3 33 33 33 34 33 33 33 33 33 66 33 33 34 f1 52 16
7.986321210861206   : 68 10 ef 68 84 01 34 88 16
8.02544093132019    : 68 20 df 68 01 01 36 07 16
8.046741008758545   : 68 20 df 68 81 10 80 88 64 66 67 6b 65 75 67 65 68 64 63 6c 6a 64 13 16
8.07686471939087    : 68 20 df 68 05 02 4f b9 de 16
8.183969259262085   : 68 31 ce 68 02 02 60 42 75 16
8.321404933929443   : 68 10 ef 68 04 0f b3 33 33 33 34 33 33 33 33 33 66 33 33 34 f1 52 16
8.34244155883789    : 68 10 ef 68 84 01 34 88 16
8.363681316375732   : 68 20 df 68 01 01 36 07 16
8.395167589187622   : 68 20 df 68 81 10 80 88 64 66 67 6b 65 75 67 65 68 64 63 6c 6a 64 13 16
8.426726341247559   : 68 20 df 68 05 02 4f b9 de 16
8.540424585342407   : 68 31 ce 68 02 02 60 42 75 16
8.666868448257446   : 68 10 ef 68 04 0f b3 33 33 33 34 33 33 33 33 33 66 33 33 34 f1 52 16
8.688141584396362   : 68 10 ef 68 84 01 34 88 16
8.719537258148193   : 68 20 df 68 01 01 36 07 16
8.746387481689453   : 68 20 df 68 81 10 80 88 64 66 67 6b 65 75 67 65 68 64 63 6c 6a 64 13 16
8.778411149978638   : 68 20 df 68 05 02 4f b9 de 16
8.891330242156982   : 68 31 ce 68 02 02 60 42 75 16
9.029704093933105   : 68 10 ef 68 04 0f b3 33 33 33 34 33 33 33 33 33 66 33 33 34 f1 52 16
9.040245532989502   : 68 10 ef 68 84 01 34 88 16
9.074732542037964   : 68 20 df 68 01 01 36 07 16
9.096282482147217   : 68 20 df 68 81 10 80 88 64 66 67 6b 65 75 67 65 68 64 63 6c 6a 64 13 16
9.12883710861206    : 68 20 df 68 05 02 4f b9 de 16
9.24368405342102    : 68 31 ce 68 02 02 60 42 75 16
9.380877256393433   : 68 10 ef 68 04 0f b3 33 33 33 34 33 33 33 33 33 66 33 33 34 f1 52 16
9.401753664016724   : 68 10 ef 68 84 01 34 88 16
9.423551082611084   : 68 20 df 68 01 01 36 07 16
9.455415964126587   : 68 20 df 68 81 10 80 88 64 66 67 6b 65 75 67 65 68 64 63 6c 6a 64 13 16
9.47702670097351    : 68 20 df 68 05 02 4f b9 de 16
9.596307039260864   : 68 31 ce 68 02 02 60 42 75 16
9.728991746902466   : 68 10 ef 68 04 0f b3 33 33 33 34 33 33 33 33 33 66 33 33 34 f1 52 16
9.75006651878357    : 68 10 ef 68 84 01 34 88 16
9.770869016647339   : 68 20 df 68 01 01 36 07 16
9.806939840316772   : 68 20 df 68 81 10 80 88 64 66 67 6b 65 75 67 65 68 64 63 6c 6a 64 13 16
9.828189134597778   : 68 20 df 68 05 02 4f b9 de 16
9.950276613235474   : 68 31 ce 68 02 02 60 42 75 16
10.081867456436157  : 68 10 ef 68 04 0f b3 33 33 33 34 33 33 33 33 33 66 33 33 34 f1 52 16
10.10268783569336   : 68 10 ef 68 84 01 34 88 16
10.1240873336792    : 68 20 df 68 01 01 36 07 16
10.15582275390625   : 68 20 df 68 81 10 80 88 64 66 67 6b 65 75 67 65 68 64 63 6c 6a 64 13 16
10.187403202056885  : 68 20 df 68 05 02 4f b9 de 16
10.306440114974976  : 68 31 ce 68 02 02 60 42 75 16
10.438012838363647  : 68 10 ef 68 04 0f b3 33 33 33 34 33 33 33 33 33 66 33 33 34 f1 52 16
10.448678016662598  : 68 10 ef 68 84 01 34 88 16
10.48031759262085   : 68 20 df 68 01 01 36 07 16
10.513139009475708  : 68 20 df 68 81 10 80 88 64 66 67 6b 65 75 67 65 68 64 63 6c 6a 64 13 16
10.535232543945312  : 68 20 df 68 05 02 4f b9 de 16
10.65924334526062   : 68 31 ce 68 02 02 60 42 75 16
10.789100408554077  : 68 10 ef 68 04 0f b3 33 33 33 34 33 33 33 33 33 66 33 33 34 f1 52 16
10.799683332443237  : 68 10 ef 68 84 01 34 88 16
10.831486701965332  : 68 20 df 68 01 01 36 07 16
10.8640878200531    : 68 20 df 68 81 10 80 88 64 66 67 6b 65 75 67 65 68 64 63 6c 6a 64 13 16
10.885360479354858  : 68 20 df 68 05 02 4f b9 de 16
11.000371932983398  : 68 31 ce 68 02 02 60 42 75 16
11.140756845474243  : 68 10 ef 68 04 0f b3 33 33 33 34 33 33 33 33 33 66 33 33 34 f1 52 16
11.151762008666992  : 68 10 ef 68 84 01 34 88 16
11.186151027679443  : 68 20 df 68 01 01 36 07 16
11.211606740951538  : 68 20 df 68 81 10 80 88 64 66 67 6b 65 75 67 65 68 64 63 6c 6a 64 13 16
11.233111143112183  : 68 20 df 68 05 02 4f b9 de 16
11.355045080184937  : 68 31 ce 68 02 02 60 42 75 16
11.488181591033936  : 68 10 ef 68 04 0f b3 33 33 33 34 33 33 33 33 33 66 33 33 34 f1 52 16
11.508956670761108  : 68 10 ef 68 84 01 34 88 16
11.53033971786499   : 68 20 df 68 01 01 36 07 16
11.561795711517334  : 68 20 df 68 81 10 80 88 64 66 67 6b 65 75 67 65 68 64 63 6c 6a 64 13 16
11.589869976043701  : 68 20 df 68 05 02 4f b9 de 16
11.710364580154419  : 68 31 ce 68 02 02 60 42 75 16
11.837889671325684  : 68 10 ef 68 04 0f b3 33 33 33 34 33 33 33 33 33 66 33 33 34 f1 52 16
11.859620571136475  : 68 10 ef 68 84 01 34 88 16
11.880724430084229  : 68 20 df 68 01 01 36 07 16
11.9125075340271    : 68 20 df 68 81 10 80 88 64 66 67 6b 65 75 67 65 68 64 63 6c 6a 64 13 16
11.944628477096558  : 68 20 df 68 05 02 4f b9 de 16
12.056293249130249  : 68 31 ce 68 02 02 60 42 75 16
12.187158823013306  : 68 10 ef 68 04 0f b3 33 33 33 34 33 33 33 33 33 66 33 33 34 f1 52 16
12.229593515396118  : 68 10 ef 68 84 01 34 88 16
12.262454986572266  : 68 20 df 68 01 01 36 07 16
12.290661334991455  : 68 20 df 68 81 10 80 88 64 66 67 6b 65 75 67 65 68 64 63 6c 6a 64 13 16
12.311834812164307  : 68 20 df 68 05 02 4f b9 de 16
12.43735671043396   : 68 31 ce 68 02 02 60 42 75 16
12.564212560653687  : 68 10 ef 68 04 0f b3 33 33 33 34 33 33 33 33 33 66 33 33 34 f1 52 16
12.585510015487671  : 68 10 ef 68 84 01 34 88 16
12.617680549621582  : 68 20 df 68 01 01 36 07 16
12.639816045761108  : 68 20 df 68 81 10 80 88 64 66 67 6b 65 75 67 65 68 64 63 6c 6a 64 13 16
12.691840410232544  : 68 20 df 68 05 02 4f b9 de 16
12.786248445510864  : 68 31 ce 68 02 02 60 42 75 16
12.953474044799805  : 68 10 ef 68 04 0f b3 33 33 33 34 33 33 33 33 33 66 33 33 34 f1 52 16
12.953474044799805  : 68 10 ef 68 84 01 34 88 16
13.004921436309814  : 68 20 df 68 01 01 36 07 16
13.004921436309814  : 68 20 df 68 81 10 80 88 64 66 67 6b 65 75 67 65 68 64 63 6c 6a 64 13 16
13.04931092262268   : 68 20 df 68 05 02 4f b9 de 16
13.144257545471191  : 68 31 ce 68 02 02 60 42 75 16
13.289794683456421  : 68 10 ef 68 04 0f b3 33 33 33 34 33 33 33 33 33 66 33 33 34 f1 52 16
13.289794683456421  : 68 10 ef 68 84 01 34 88 16
13.334949970245361  : 68 20 df 68 01 01 36 07 16
13.38427209854126   : 68 20 df 68 81 10 80 88 64 66 67 6b 65 75 67 65 68 64 63 6c 6a 64 13 16
13.38427209854126   : 68 20 df 68 05 02 4f b9 de 16
13.525371074676514  : 68 31 ce 68 02 02 60 42 75 16
13.619328022003174  : 68 10 ef 68 04 0f b3 33 33 33 34 33 33 33 33 33 66 33 33 34 f1 52 16
13.667824268341064  : 68 10 ef 68 84 01 34 88 16
13.667824268341064  : 68 20 df 68 01 01 36 07 16
14.023674964904785  : 68 20 df 68 81 10 80 88 64 66 67 6b 65 75 67 65 68 64 63 6c 6a 64 13 16
14.023674964904785  : 68 20 df 68 05 02 4f b9 de 16
14.023674964904785  : 68 31 ce 68 02 02 60 42 75 16
14.023674964904785  : 68 10 ef 68 04 0f b3 33 33 33 34 33 33 33 33 33 66 33 33 34 f1 52 16
14.023674964904785  : 68 10 ef 68 84 01 34 88 16
14.023674964904785  : 68 20 df 68 01 01 36 07 16
14.05679702758789   : 68 20 df 68 81 10 80 88 64 66 67 6b 65 75 67 65 68 64 63 6c 6a 64 13 16
14.078054428100586  : 68 20 df 68 05 02 4f b9 de 16
14.19550895690918   : 68 31 ce 68 02 02 60 42 75 16
14.330582857131958  : 68 10 ef 68 04 0f b3 33 33 33 34 33 33 33 33 33 66 33 33 34 f1 52 16
14.351831197738647  : 68 10 ef 68 84 01 34 88 16
14.373168230056763  : 68 20 df 68 01 01 36 07 16
14.405014276504517  : 68 20 df 68 81 10 80 88 64 66 67 6b 65 75 67 65 68 64 63 6c 6a 64 13 16
14.43661117553711   : 68 20 df 68 05 02 4f b9 de 16
14.546957731246948  : 68 31 ce 68 02 02 60 42 75 16
14.68028712272644   : 68 10 ef 68 04 0f b3 33 33 33 34 33 33 33 33 33 66 33 33 34 f1 52 16
14.701049327850342  : 68 10 ef 68 84 01 34 88 16
14.733014345169067  : 68 20 df 68 01 01 36 07 16
14.754203796386719  : 68 20 df 68 81 10 80 88 64 66 67 6b 65 75 67 65 68 64 63 6c 6a 64 13 16
14.785563230514526  : 68 20 df 68 05 02 4f b9 de 16
14.905566930770874  : 68 31 ce 68 02 02 60 42 75 16
15.030378818511963  : 68 10 ef 68 04 0f b3 33 33 33 34 33 33 33 33 33 66 33 33 34 f1 52 16
15.051408529281616  : 68 10 ef 68 84 01 34 88 16
15.084278106689453  : 68 20 df 68 01 01 36 07 16
15.105552196502686  : 68 20 df 68 81 10 80 88 64 66 67 6b 65 75 67 65 68 64 63 6c 6a 64 13 16
15.137298583984375  : 68 20 df 68 05 02 4f b9 de 16
15.255932569503784  : 68 31 ce 68 02 02 60 42 75 16
15.388871669769287  : 68 10 ef 68 04 0f b3 33 33 33 34 33 33 33 33 33 66 33 33 34 f1 52 16
15.410377502441406  : 68 10 ef 68 84 01 34 88 16
15.431331396102905  : 68 20 df 68 01 01 36 07 16
15.46265172958374   : 68 20 df 68 81 10 80 88 64 66 67 6b 65 75 67 65 68 64 63 6c 6a 64 13 16
15.484285831451416  : 68 20 df 68 05 02 4f b9 de 16
15.60981273651123   : 68 31 ce 68 02 02 60 42 75 16
15.740936517715454  : 68 10 ef 68 04 0f b3 33 33 33 34 33 33 33 33 33 66 33 33 34 f1 52 16
15.762278079986572  : 68 10 ef 68 84 01 34 88 16
15.784069299697876  : 68 20 df 68 01 01 36 07 16
15.815979719161987  : 68 20 df 68 81 10 80 88 64 66 67 6b 65 75 67 65 68 64 63 6c 6a 64 13 16
15.838615894317627  : 68 20 df 68 05 02 4f b9 de 16
15.95879340171814   : 68 31 ce 68 02 02 60 42 75 16
16.095542192459106  : 68 10 ef 68 04 0f b3 33 33 33 34 33 33 33 33 33 66 33 33 34 f1 52 16
16.117043495178223  : 68 10 ef 68 84 01 34 88 16
16.138790607452393  : 68 20 df 68 01 01 36 07 16
16.174065828323364  : 68 20 df 68 81 10 80 88 64 66 67 6b 65 75 67 65 68 64 63 6c 6a 64 13 16
16.195492267608643  : 68 20 df 68 05 02 4f b9 de 16
16.30745506286621   : 68 31 ce 68 02 02 60 42 75 16
16.442660093307495  : 68 10 ef 68 04 0f b3 33 33 33 34 33 33 33 33 33 66 33 33 34 f1 52 16
16.46433138847351   : 68 10 ef 68 84 01 34 88 16
16.490827798843384  : 68 20 df 68 01 01 36 07 16
16.52265429496765   : 68 20 df 68 81 10 80 88 64 66 67 6b 65 75 67 65 68 64 63 6c 6a 64 13 16
16.543944120407104  : 68 20 df 68 05 02 4f b9 de 16
16.662135362625122  : 68 31 ce 68 02 02 60 42 75 16
16.79564332962036   : 68 10 ef 68 04 0f b3 33 33 33 34 33 33 33 33 33 66 33 33 34 f1 52 16
16.817035913467407  : 68 10 ef 68 84 01 34 88 16
16.838804006576538  : 68 20 df 68 01 01 36 07 16
16.87036442756653   : 68 20 df 68 81 10 80 88 64 66 67 6b 65 75 67 65 68 64 63 6c 6a 64 13 16
16.90183973312378   : 68 20 df 68 05 02 4f b9 de 16
17.019370079040527  : 68 31 ce 68 02 02 60 42 75 16
17.143510818481445  : 68 10 ef 68 04 0f b3 33 33 33 34 33 33 33 33 33 66 33 33 34 f1 52 16
17.175251722335815  : 68 10 ef 68 84 01 34 88 16
17.19645118713379   : 68 20 df 68 01 01 36 07 16
17.22847557067871   : 68 20 df 68 81 10 80 88 64 66 67 6b 65 75 67 65 68 64 63 6c 6a 64 13 16
17.24990463256836   : 68 20 df 68 05 02 4f b9 de 16
17.371854543685913  : 68 31 ce 68 02 02 60 42 75 16
17.50393843650818   : 68 10 ef 68 04 0f b3 33 33 33 34 33 33 33 33 33 66 33 33 34 f1 52 16
17.525397062301636  : 68 10 ef 68 84 01 34 88 16
17.546744346618652  : 68 20 df 68 01 01 36 07 16
17.57845950126648   : 68 20 df 68 81 10 80 88 64 66 67 6b 65 75 67 65 68 64 63 6c 6a 64 13 16
17.600334405899048  : 68 20 df 68 05 02 4f b9 de 16
17.722339391708374  : 68 31 ce 68 02 02 60 42 75 16
17.85564661026001   : 68 10 ef 68 04 0f b3 33 33 33 34 33 33 33 33 33 66 33 33 34 f1 52 16
17.877007484436035  : 68 10 ef 68 84 01 34 88 16
17.898664712905884  : 68 20 df 68 01 01 36 07 16
17.93032217025757   : 68 20 df 68 81 10 80 88 64 66 67 6b 65 75 67 65 68 64 63 6c 6a 64 13 16
17.962257623672485  : 68 20 df 68 05 02 4f b9 de 16
18.072181940078735  : 68 31 ce 68 02 02 60 42 75 16
18.210140705108643  : 68 10 ef 68 04 0f b3 33 33 33 34 33 33 33 33 33 66 33 33 34 f1 52 16
18.231178522109985  : 68 10 ef 68 84 01 34 88 16
18.25274682044983   : 68 20 df 68 01 01 36 07 16
18.284714221954346  : 68 20 df 68 81 10 80 88 64 66 67 6b 65 75 67 65 68 64 63 6c 6a 64 13 16
18.305891513824463  : 68 20 df 68 05 02 4f b9 de 16
18.423518180847168  : 68 31 ce 68 02 02 60 42 75 16
18.558839321136475  : 68 10 ef 68 04 0f b3 33 33 33 34 33 33 33 33 33 66 33 33 34 f1 52 16
18.58011746406555   : 68 10 ef 68 84 01 34 88 16
18.601341724395752  : 68 20 df 68 01 01 36 07 16
18.63292360305786   : 68 20 df 68 81 10 80 88 64 66 67 6b 65 75 67 65 68 64 63 6c 6a 64 13 16
18.664765119552612  : 68 20 df 68 05 02 4f b9 de 16
18.78238534927368   : 68 31 ce 68 02 02 60 42 75 16
18.9137179851532    : 68 10 ef 68 04 0f b3 33 33 33 34 33 33 33 33 33 66 33 33 34 f1 52 16
18.935088396072388  : 68 10 ef 68 84 01 34 88 16
18.956220388412476  : 68 20 df 68 01 01 36 07 16
19.003443479537964  : 68 20 df 68 81 10 80 88 64 66 67 6b 65 75 67 65 68 64 63 6c 6a 64 13 16
19.02856469154358   : 68 20 df 68 05 02 4f b9 de 16
19.13012981414795   : 68 31 ce 68 02 02 60 42 75 16
19.26544189453125   : 68 10 ef 68 04 0f b3 33 33 33 34 33 33 33 33 33 66 33 33 34 f1 52 16
19.28682041168213   : 68 10 ef 68 84 01 34 88 16
19.30765438079834   : 68 20 df 68 01 01 36 07 16
19.339089393615723  : 68 20 df 68 81 10 80 88 64 66 67 6b 65 75 67 65 68 64 63 6c 6a 64 13 16
19.37089490890503   : 68 20 df 68 05 02 4f b9 de 16
19.482646226882935  : 68 31 ce 68 02 02 60 42 75 16
19.620867013931274  : 68 10 ef 68 04 0f b3 33 33 33 34 33 33 33 33 33 66 33 33 34 f1 52 16
19.64233899116516   : 68 10 ef 68 84 01 34 88 16
19.66337823867798   : 68 20 df 68 01 01 36 07 16
19.694828271865845  : 68 20 df 68 81 10 80 88 64 66 67 6b 65 75 67 65 68 64 63 6c 6a 64 13 16
19.716649532318115  : 68 20 df 68 05 02 4f b9 de 16
19.83348298072815   : 68 31 ce 68 02 02 60 42 75 16
19.97142744064331   : 68 10 ef 68 04 0f b3 33 33 33 34 33 33 33 33 33 66 33 33 34 f1 52 16
19.992770433425903  : 68 10 ef 68 84 01 34 88 16
20.01447558403015   : 68 20 df 68 01 01 36 07 16
20.047074556350708  : 68 20 df 68 81 10 80 88 64 66 67 6b 65 75 67 65 68 64 63 6c 6a 64 13 16
20.068360328674316  : 68 20 df 68 05 02 4f b9 de 16
20.190770864486694  : 68 31 ce 68 02 02 60 42 75 16
20.31972646713257   : 68 10 ef 68 04 0f b3 33 33 33 34 33 33 33 33 33 66 33 33 34 f1 52 16
20.34111499786377   : 68 10 ef 68 84 01 34 88 16
20.372586488723755  : 68 20 df 68 01 01 36 07 16
20.393700122833252  : 68 20 df 68 81 10 80 88 64 66 67 6b 65 75 67 65 68 64 63 6c 6a 64 13 16
20.426143884658813  : 68 20 df 68 05 02 4f b9 de 16
20.54357933998108   : 68 31 ce 68 02 02 60 42 75 16
20.676275730133057  : 68 10 ef 68 04 0f b3 33 33 33 34 33 33 33 33 33 66 33 33 34 f1 52 16
20.694100379943848  : 68 10 ef 68 84 01 34 88 16
20.726112842559814  : 68 20 df 68 01 01 36 07 16
20.74783992767334   : 68 20 df 68 81 10 80 88 64 66 67 6b 65 75 67 65 68 64 63 6c 6a 64 13 16
20.77907133102417   : 68 20 df 68 05 02 4f b9 de 16
20.891096591949463  : 68 31 ce 68 02 02 60 42 75 16
21.024863958358765  : 68 10 ef 68 04 0f b3 33 33 33 34 33 33 33 33 33 66 33 33 34 f1 52 16
21.046433925628662  : 68 10 ef 68 84 01 34 88 16
21.07801389694214   : 68 20 df 68 01 01 36 07 16
21.099292993545532  : 68 20 df 68 81 10 80 88 64 66 67 6b 65 75 67 65 68 64 63 6c 6a 64 13 16
21.13170289993286   : 68 20 df 68 05 02 4f b9 de 16
21.242820739746094  : 68 31 ce 68 02 02 60 42 75 16
21.378424406051636  : 68 10 ef 68 04 0f b3 33 33 33 34 33 33 33 33 33 66 33 33 34 f1 52 16
21.400041818618774  : 68 10 ef 68 84 01 34 88 16
21.432073831558228  : 68 20 df 68 01 01 36 07 16
21.453107595443726  : 68 20 df 68 81 10 80 88 64 66 67 6b 65 75 67 65 68 64 63 6c 6a 64 13 16
21.48479461669922   : 68 20 df 68 05 02 4f b9 de 16
21.59652328491211   : 68 31 ce 68 02 02 60 42 75 16
21.730695247650146  : 68 10 ef 68 04 0f b3 33 33 33 34 33 33 33 33 33 66 33 33 34 f1 52 16
21.752055644989014  : 68 10 ef 68 84 01 34 88 16
21.783323287963867  : 68 20 df 68 01 01 36 07 16
21.80507802963257   : 68 20 df 68 81 10 80 88 64 66 67 6b 65 75 67 65 68 64 63 6c 6a 64 13 16
21.836952447891235  : 68 20 df 68 05 02 4f b9 de 16
21.94898247718811   : 68 31 ce 68 02 02 60 42 75 16
22.08691668510437   : 68 10 ef 68 04 0f b3 33 33 33 34 33 33 33 33 33 66 33 33 34 f1 52 16
22.10811424255371   : 68 10 ef 68 84 01 34 88 16
22.129899501800537  : 68 20 df 68 01 01 36 07 16
22.16119623184204   : 68 20 df 68 81 10 80 88 64 66 67 6b 65 75 67 65 68 64 63 6c 6a 64 13 16
22.193405151367188  : 68 20 df 68 05 02 4f b9 de 16
22.31025743484497   : 68 31 ce 68 02 02 60 42 75 16
22.436981678009033  : 68 10 ef 68 04 0f b3 33 33 33 34 33 33 33 33 33 66 33 33 34 f1 52 16
22.45865511894226   : 68 10 ef 68 84 01 34 88 16
22.480412483215332  : 68 20 df 68 01 01 36 07 16
22.512725353240967  : 68 20 df 68 81 10 80 88 64 66 67 6b 65 75 67 65 68 64 63 6c 6a 64 13 16
22.544458627700806  : 68 20 df 68 05 02 4f b9 de 16
22.656100034713745  : 68 31 ce 68 02 02 60 42 75 16
22.789103031158447  : 68 10 ef 68 04 0f b3 33 33 33 34 33 33 33 33 33 66 33 33 34 f1 52 16
22.81102228164673   : 68 10 ef 68 84 01 34 88 16
22.838170528411865  : 68 20 df 68 01 01 36 07 16
22.87030816078186   : 68 20 df 68 81 10 80 88 64 66 67 6b 65 75 67 65 68 64 63 6c 6a 64 13 16
22.891140937805176  : 68 20 df 68 05 02 4f b9 de 16
23.012851238250732  : 68 31 ce 68 02 02 60 42 75 16
23.13959312438965   : 68 10 ef 68 04 0f b3 33 33 33 34 33 33 33 33 33 66 33 33 34 f1 52 16
23.161017894744873  : 68 10 ef 68 84 01 34 88 16
23.192775011062622  : 68 20 df 68 01 01 36 07 16
23.224817991256714  : 68 20 df 68 81 10 80 88 64 66 67 6b 65 75 67 65 68 64 63 6c 6a 64 13 16
23.24602699279785   : 68 20 df 68 05 02 4f b9 de 16
23.36603045463562   : 68 31 ce 68 02 02 60 42 75 16
23.498743057250977  : 68 10 ef 68 04 0f b3 33 33 33 34 33 33 33 33 33 66 33 33 34 f1 52 16
23.520151615142822  : 68 10 ef 68 84 01 34 88 16
23.541222095489502  : 68 20 df 68 01 01 36 07 16
23.572612047195435  : 68 20 df 68 81 10 80 88 64 66 67 6b 65 75 67 65 68 64 63 6c 6a 64 13 16
23.594227075576782  : 68 20 df 68 05 02 4f b9 de 16
23.71132230758667   : 68 31 ce 68 02 02 60 42 75 16
23.843017578125     : 68 10 ef 68 04 0f b3 33 33 33 34 33 33 33 33 33 66 33 33 34 f1 52 16
23.865118265151978  : 68 10 ef 68 84 01 34 88 16
23.897859573364258  : 68 20 df 68 01 01 36 07 16
23.96122121810913   : 68 20 df 68 81 10 80 88 64 66 67 6b 65 75 67 65 68 64 63 6c 6a 64 13 16
23.96122121810913   : 68 20 df 68 05 02 4f b9 de 16
24.07765769958496   : 68 31 ce 68 02 02 60 42 75 16
24.204275369644165  : 68 10 ef 68 04 0f b3 33 33 33 34 33 33 33 33 33 66 33 33 34 f1 52 16
24.22617816925049   : 68 10 ef 68 84 01 34 88 16
24.24808168411255   : 68 20 df 68 01 01 36 07 16
24.280545711517334  : 68 20 df 68 81 10 80 88 64 66 67 6b 65 75 67 65 68 64 63 6c 6a 64 13 16
24.302053451538086  : 68 20 df 68 05 02 4f b9 de 16
24.42795467376709   : 68 31 ce 68 02 02 60 42 75 16
24.553279876708984  : 68 10 ef 68 04 0f b3 33 33 33 34 33 33 33 33 33 66 33 33 34 f1 52 16
24.574379444122314  : 68 10 ef 68 84 01 34 88 16
24.605690240859985  : 68 20 df 68 01 01 36 07 16
24.627400159835815  : 68 20 df 68 81 10 80 88 64 66 67 6b 65 75 67 65 68 64 63 6c 6a 64 13 16
24.65950870513916   : 68 20 df 68 05 02 4f b9 de 16
24.7762770652771    : 68 31 ce 68 02 02 60 42 75 16
24.903425216674805  : 68 10 ef 68 04 0f b3 33 33 33 34 33 33 33 33 33 66 33 33 34 f1 52 16
24.924701929092407  : 68 10 ef 68 84 01 34 88 16
24.956337690353394  : 68 20 df 68 01 01 36 07 16
24.988569974899292  : 68 20 df 68 81 10 80 88 64 66 67 6b 65 75 67 65 68 64 63 6c 6a 64 13 16
25.009801864624023  : 68 20 df 68 05 02 4f b9 de 16
25.13204574584961   : 68 31 ce 68 02 02 60 42 75 16
25.254159688949585  : 68 10 ef 68 04 0f b3 33 33 33 34 33 33 33 33 33 66 33 33 34 f1 52 16
25.275309085845947  : 68 10 ef 68 84 01 34 88 16
25.30726981163025   : 68 20 df 68 01 01 36 07 16
25.338565587997437  : 68 20 df 68 81 10 80 88 64 66 67 6b 65 75 67 65 68 64 63 6c 6a 64 13 16
25.35975193977356   : 68 20 df 68 05 02 4f b9 de 16
25.481833457946777  : 68 31 ce 68 02 02 60 42 75 16
25.612764596939087  : 68 10 ef 68 04 0f b3 33 33 33 34 33 33 33 33 33 66 33 33 34 f1 52 16
25.633445739746094  : 68 10 ef 68 84 01 34 88 16
25.654568910598755  : 68 20 df 68 01 01 36 07 16
25.68622899055481   : 68 20 df 68 81 10 80 88 64 66 67 6b 65 75 67 65 68 64 63 6c 6a 64 13 16
25.717860460281372  : 68 20 df 68 05 02 4f b9 de 16
25.831165075302124  : 68 31 ce 68 02 02 60 42 75 16
25.967812538146973  : 68 10 ef 68 04 0f b3 33 33 33 34 33 33 33 33 33 66 33 33 34 f1 52 16
25.989627838134766  : 68 10 ef 68 84 01 34 88 16
26.01090431213379   : 68 20 df 68 01 01 36 07 16
26.042773962020874  : 68 20 df 68 81 10 80 88 64 66 67 6b 65 75 67 65 68 64 63 6c 6a 64 13 16
26.0640766620636    : 68 20 df 68 05 02 4f b9 de 16
26.180216073989868  : 68 31 ce 68 02 02 60 42 75 16
26.32115602493286   : 68 10 ef 68 04 0f b3 33 33 33 34 33 33 33 33 33 66 33 33 34 f1 52 16
26.34251880645752   : 68 10 ef 68 84 01 34 88 16
26.364310264587402  : 68 20 df 68 01 01 36 07 16
26.3963623046875    : 68 20 df 68 81 10 80 88 64 66 67 6b 65 75 67 65 68 64 63 6c 6a 64 13 16
26.417653799057007  : 68 20 df 68 05 02 4f b9 de 16
26.540544509887695  : 68 31 ce 68 02 02 60 42 75 16
26.6677508354187    : 68 10 ef 68 04 0f b3 33 33 33 34 33 33 33 33 33 66 33 33 34 f1 52 16
26.68926191329956   : 68 10 ef 68 84 01 34 88 16
26.721261739730835  : 68 20 df 68 01 01 36 07 16
26.7424054145813    : 68 20 df 68 81 10 80 88 64 66 67 6b 65 75 67 65 68 64 63 6c 6a 64 13 16
26.774473428726196  : 68 20 df 68 05 02 4f b9 de 16
26.88496160507202   : 68 31 ce 68 02 02 60 42 75 16
27.017295598983765  : 68 10 ef 68 04 0f b3 33 33 33 34 33 33 33 33 33 66 33 33 34 f1 52 16
27.038776636123657  : 68 10 ef 68 84 01 34 88 16
27.071004390716553  : 68 20 df 68 01 01 36 07 16
27.10290265083313   : 68 20 df 68 81 10 80 88 64 66 67 6b 65 75 67 65 68 64 63 6c 6a 64 13 16
27.123886346817017  : 68 20 df 68 05 02 4f b9 de 16
27.237982988357544  : 68 31 ce 68 02 02 60 42 75 16
27.375277996063232  : 68 10 ef 68 04 0f b3 33 33 33 34 33 33 33 33 33 66 33 33 34 f1 52 16
27.396746158599854  : 68 10 ef 68 84 01 34 88 16
27.417988777160645  : 68 20 df 68 01 01 36 07 16
27.449841022491455  : 68 20 df 68 81 10 80 88 64 66 67 6b 65 75 67 65 68 64 63 6c 6a 64 13 16
27.48131251335144   : 68 20 df 68 05 02 4f b9 de 16
27.597400665283203  : 68 31 ce 68 02 02 60 42 75 16
27.729984760284424  : 68 10 ef 68 04 0f b3 33 33 33 34 33 33 33 33 33 66 33 33 34 f1 52 16
27.75157618522644   : 68 10 ef 68 84 01 34 88 16
27.772974014282227  : 68 20 df 68 01 01 36 07 16
27.810425519943237  : 68 20 df 68 81 10 80 88 64 66 67 6b 65 75 67 65 68 64 63 6c 6a 64 13 16
27.83194923400879   : 68 20 df 68 05 02 4f b9 de 16
27.94754457473755   : 68 31 ce 68 02 02 60 42 75 16
28.073915243148804  : 68 10 ef 68 04 0f b3 33 33 33 34 33 33 33 33 33 66 33 33 34 f1 52 16
28.09563446044922   : 68 10 ef 68 84 01 34 88 16
28.137023448944092  : 68 20 df 68 01 01 36 07 16
28.16903519630432   : 68 20 df 68 81 10 80 88 64 66 67 6b 65 75 67 65 68 64 63 6c 6a 64 13 16
28.19282841682434   : 68 20 df 68 05 02 4f b9 de 16
28.29839539527893   : 68 31 ce 68 02 02 60 42 75 16
28.426840782165527  : 68 10 ef 68 04 0f b3 33 33 33 34 33 33 33 33 33 66 33 33 34 f1 52 16
28.44825267791748   : 68 10 ef 68 84 01 34 88 16
28.480899333953857  : 68 20 df 68 01 01 36 07 16
28.512802362442017  : 68 20 df 68 81 10 80 88 64 66 67 6b 65 75 67 65 68 64 63 6c 6a 64 13 16
28.53434467315674   : 68 20 df 68 05 02 4f b9 de 16
28.656611442565918  : 68 31 ce 68 02 02 60 42 75 16
28.7853844165802    : 68 10 ef 68 04 0f b3 33 33 33 34 33 33 33 33 33 66 33 33 34 f1 52 16
28.80682635307312   : 68 10 ef 68 84 01 34 88 16
28.82823085784912   : 68 20 df 68 01 01 36 07 16
28.860238313674927  : 68 20 df 68 81 10 80 88 64 66 67 6b 65 75 67 65 68 64 63 6c 6a 64 13 16
28.891618728637695  : 68 20 df 68 05 02 4f b9 de 16
29.00830316543579   : 68 31 ce 68 02 02 60 42 75 16
29.13539958000183   : 68 10 ef 68 04 0f b3 33 33 33 34 33 33 33 33 33 66 33 33 34 f1 52 16
29.1565945148468    : 68 10 ef 68 84 01 34 88 16
29.188405513763428  : 68 20 df 68 01 01 36 07 16
29.209824085235596  : 68 20 df 68 81 10 80 88 64 66 67 6b 65 75 67 65 68 64 63 6c 6a 64 13 16
29.241493463516235  : 68 20 df 68 05 02 4f b9 de 16
29.354270219802856  : 68 31 ce 68 02 02 60 42 75 16
29.493639945983887  : 68 10 ef 68 04 0f b3 33 33 33 34 33 33 33 33 33 66 33 33 34 f1 52 16
29.51528286933899   : 68 10 ef 68 84 01 34 88 16
29.536752700805664  : 68 20 df 68 01 01 36 07 16
29.568732261657715  : 68 20 df 68 81 10 80 88 64 66 67 6b 65 75 67 65 68 64 63 6c 6a 64 13 16
29.589816570281982  : 68 20 df 68 05 02 4f b9 de 16
29.712675094604492  : 68 31 ce 68 02 02 60 42 75 16
29.8421790599823    : 68 10 ef 68 04 0f b3 33 33 33 34 33 33 33 33 33 66 33 33 34 f1 52 16
29.86343216896057   : 68 10 ef 68 84 01 34 88 16
29.88478946685791   : 68 20 df 68 01 01 36 07 16
29.916335821151733  : 68 20 df 68 81 10 80 88 64 66 67 6b 65 75 67 65 68 64 63 6c 6a 64 13 16
29.947996854782104  : 68 20 df 68 05 02 4f b9 de 16
30.064778327941895  : 68 31 ce 68 02 02 60 42 75 16
30.19106388092041   : 68 10 ef 68 04 0f b3 33 33 33 34 33 33 33 33 33 66 33 33 34 f1 52 16
30.212217092514038  : 68 10 ef 68 84 01 34 88 16
30.24366331100464   : 68 20 df 68 01 01 36 07 16
30.275656700134277  : 68 20 df 68 81 10 80 88 64 66 67 6b 65 75 67 65 68 64 63 6c 6a 64 13 16
30.297087907791138  : 68 20 df 68 05 02 4f b9 de 16
30.413698434829712  : 68 31 ce 68 02 02 60 42 75 16
30.5512855052948    : 68 10 ef 68 04 0f b3 33 33 33 34 33 33 33 33 33 66 33 33 34 f1 52 16
30.572775840759277  : 68 10 ef 68 84 01 34 88 16
30.59379553794861   : 68 20 df 68 01 01 36 07 16
30.62532687187195   : 68 20 df 68 81 10 80 88 64 66 67 6b 65 75 67 65 68 64 63 6c 6a 64 13 16
30.647021770477295  : 68 20 df 68 05 02 4f b9 de 16
30.764142990112305  : 68 31 ce 68 02 02 60 42 75 16
30.901100158691406  : 68 10 ef 68 04 0f b3 33 33 33 34 33 33 33 33 33 66 33 33 34 f1 52 16
30.92271661758423   : 68 10 ef 68 84 01 34 88 16
30.943683385849     : 68 20 df 68 01 01 36 07 16
30.97527813911438   : 68 20 df 68 81 10 80 88 64 66 67 6b 65 75 67 65 68 64 63 6c 6a 64 13 16
31.006519317626953  : 68 20 df 68 05 02 4f b9 de 16
31.12297821044922   : 68 31 ce 68 02 02 60 42 75 16
31.257097482681274  : 68 10 ef 68 04 0f b3 33 33 33 34 33 33 33 33 33 66 33 33 34 f1 52 16
31.27862787246704   : 68 10 ef 68 84 01 34 88 16
31.299415111541748  : 68 20 df 68 01 01 36 07 16
31.331381797790527  : 68 20 df 68 81 10 80 88 64 66 67 6b 65 75 67 65 68 64 63 6c 6a 64 13 16
31.352543354034424  : 68 20 df 68 05 02 4f b9 de 16
31.468341588974     : 68 31 ce 68 02 02 60 42 75 16
31.60505199432373   : 68 10 ef 68 04 0f b3 33 33 33 34 33 33 33 33 33 66 33 33 34 f1 52 16
