80.2851448059082    : 68 31 ce 68 02 02 60 42 75 16
80.3170862197876    : 68 31 ce 68 82 0f 35 48 33 33 33 33 97 33 33 33 4f 4f 4f 4f 4f 64 16
80.38966512680054   : 68 31 ce 68 02 02 60 42 75 16
80.41089797019958   : 68 31 ce 68 82 0f 35 48 33 33 33 33 97 33 33 33 4f 4f 4f 4f 4f 64 16
80.48454737663269   : 68 31 ce 68 02 02 3c 57 66 16
80.53458738327026   : 68 31 ce 68 82 24 75 88 80 6c 7f 69 65 86 67 66 68 63 63 68 6c 6b 5d 5c 50 54 59 43 56 1e 79 6f 6a 65 1f 24 34 63 6d cb 34 26 fb 16
80.58840107917786   : 68 20 df 68 02 02 38 3b 46 16
80.68461871147156   : 68 20 df 68 01 01 36 07 16
81.18852066993713   : 68 31 ce 68 02 02 60 42 75 16
81.2138147354126    : 68 31 ce 68 82 0f 35 48 33 33 33 33 97 33 33 33 4f 4f 4f 4f 4f 64 16
81.29005646705627   : 68 31 ce 68 02 02 60 42 75 16
81.31773328781128   : 68 31 ce 68 82 0f 35 48 33 33 33 33 97 33 33 33 4f 4f 4f 4f 4f 64 16
81.38143610954285   : 68 31 ce 68 02 02 60 42 75 16
81.41323590278625   : 68 31 ce 68 82 0f 35 48 33 33 33 33 97 33 33 33 4f 4f 4f 4f 4f 64 16
82.3858540058136    : 68 31 ce 68 02 02 60 42 75 16
82.41961407661438   : 68 31 ce 68 82 0f 35 48 33 33 33 33 97 33 33 33 4f 4f 4f 4f 4f 64 16
82.48655867576599   : 68 31 ce 68 02 02 60 42 75 16
82.51897931098938   : 68 31 ce 68 82 0f 35 48 33 33 33 33 97 33 33 33 4f 4f 4f 4f 4f 64 16
82.584552526474     : 68 31 ce 68 02 02 60 42 75 16
82.61664700508118   : 68 31 ce 68 82 0f 35 48 33 33 33 33 97 33 33 33 4f 4f 4f 4f 4f 64 16
82.99524259567261   : 68 31 ce 68 02 02 3c 57 66 16
83.02690625190735   : 68 31 ce 68 82 24 75 88 80 6c 7f 69 65 86 67 66 68 63 63 68 6c 6b 5d 5c 50 54 59 43 56 1e 79 6f 6a 65 1f 24 34 63 6d cb 34 26 fb 16
83.09095788002014   : 68 31 ce 68 02 02 3c 57 66 16
83.13350510597229   : 68 31 ce 68 82 24 75 88 80 6c 7f 69 65 86 67 66 68 63 63 68 6c 6b 5d 5c 50 54 59 43 56 1e 79 6f 6a 65 1f 24 34 63 6d cb 34 26 fb 16
83.20067238807678   : 68 31 ce 68 02 02 3c 57 66 16
83.23221397399902   : 68 31 ce 68 82 24 75 88 80 6c 7f 69 65 86 67 66 68 63 63 68 6c 6b 5d 5c 50 54 59 43 56 1e 79 6f 6a 65 1f 24 34 63 6d cb 34 26 fb 16
105.45157146453857  : 68 20 df 68 01 01 36 07 16
105.65167760848999  : 68 20 df 68 01 01 36 07 16
105.85384750366211  : 68 20 df 68 01 01 36 07 16
106.05549383163452  : 68 20 df 68 01 01 36 07 16
106.25305151939392  : 68 20 df 68 01 01 36 07 16
106.4644284248352   : 68 20 df 68 01 01 36 07 16
106.65370035171509  : 68 20 df 68 01 01 36 07 16
106.85878777503967  : 68 20 df 68 01 01 36 07 16
107.0569634437561   : 68 20 df 68 01 01 36 07 16
107.1550772190094   : 68 31 ce 68 02 02 60 42 75 16
107.18665289878845  : 68 31 ce 68 82 0f 35 48 33 33 33 34 97 33 33 33 4f 4f 4f 4f 4f 65 16
107.26664686203003  : 68 20 df 68 01 01 36 07 16
107.37968158721924  : 68 10 ef 68 04 0f 35 33 34 33 51 73 33 33 33 33 97 33 ff ff 33 3c 16
107.46419405937195  : 68 20 df 68 01 01 36 07 16
107.56301474571228  : 68 31 ce 68 02 02 60 42 75 16
107.59531331062317  : 68 31 ce 68 82 0f 35 48 33 33 33 34 97 33 33 33 4f 4f 4f 4f 4f 65 16
107.65934991836548  : 68 20 df 68 01 01 36 07 16
107.77587080001831  : 68 10 ef 68 04 0f 35 33 34 33 51 73 33 33 33 33 97 33 ff ff 33 3c 16
107.85797166824341  : 68 20 df 68 01 01 36 07 16
107.96440887451172  : 68 31 ce 68 02 02 60 42 75 16
107.99607706069946  : 68 31 ce 68 82 0f 35 48 33 33 33 34 97 33 33 33 4f 4f 4f 4f 4f 65 16
108.06400895118713  : 68 20 df 68 01 01 36 07 16
108.17325234413147  : 68 10 ef 68 04 0f b5 33 34 33 51 73 33 33 33 33 97 33 ff ff f1 7a 16
108.26421928405762  : 68 20 df 68 01 01 36 07 16
108.36717462539673  : 68 31 ce 68 02 02 60 42 75 16
108.38880228996277  : 68 31 ce 68 82 0f 35 48 33 33 33 34 97 33 33 33 4f 4f 4f 4f 4f 65 16
108.46234774589539  : 68 20 df 68 01 01 36 07 16
108.57434010505676  : 68 10 ef 68 04 0f b5 33 34 33 51 73 33 33 33 33 97 33 ff ff f1 7a 16
108.65939617156982  : 68 20 df 68 01 01 36 07 16
108.76261234283447  : 68 31 ce 68 02 02 60 42 75 16
108.79442834854126  : 68 31 ce 68 82 0f 35 48 33 33 33 34 97 33 33 33 4f 4f 4f 4f 4f 65 16
108.86773800849915  : 68 20 df 68 01 01 36 07 16
108.98427414894104  : 68 10 ef 68 04 0f b5 33 34 33 51 73 33 33 33 33 97 33 ff ff f1 7a 16
109.06460618972778  : 68 20 df 68 01 01 36 07 16
109.16423106193542  : 68 31 ce 68 02 02 60 42 75 16
109.19668793678284  : 68 31 ce 68 82 0f 35 48 33 33 33 34 97 33 33 33 4f 4f 4f 4f 4f 65 16
109.26208853721619  : 68 20 df 68 01 01 36 07 16
109.38036012649536  : 68 10 ef 68 04 0f b5 33 34 33 51 73 33 33 33 33 97 33 ff ff f1 7a 16
109.46057200431824  : 68 20 df 68 01 01 36 07 16
109.56225848197937  : 68 31 ce 68 02 02 60 42 75 16
109.59406042098999  : 68 31 ce 68 82 0f 35 48 33 33 33 34 97 33 33 33 4f 4f 4f 4f 4f 65 16
109.6687982082367   : 68 20 df 68 01 01 36 07 16
109.78045439720154  : 68 10 ef 68 04 0f b5 33 34 33 51 73 33 33 33 33 97 33 ff ff f1 7a 16
109.86240553855896  : 68 20 df 68 01 01 36 07 16
109.96544575691223  : 68 31 ce 68 02 02 60 42 75 16
109.99867749214172  : 68 31 ce 68 82 0f 35 48 33 33 33 34 97 33 33 33 4f 4f 4f 4f 4f 65 16
110.06309032440186  : 68 20 df 68 01 01 36 07 16
110.18050980567932  : 68 10 ef 68 04 0f b5 33 34 33 51 73 33 33 33 33 97 33 ff ff f1 7a 16
110.26885938644409  : 68 20 df 68 01 01 36 07 16
110.3703019618988   : 68 31 ce 68 02 02 60 42 75 16
110.40316677093506  : 68 31 ce 68 82 0f 35 48 33 33 33 34 97 33 33 33 4f 4f 4f 4f 4f 65 16
110.46707701683044  : 68 20 df 68 01 01 36 07 16
110.5850477218628   : 68 10 ef 68 04 0f b5 33 34 33 51 73 33 33 33 33 97 33 ff ff f1 7a 16
110.6647732257843   : 68 20 df 68 01 01 36 07 16
110.76585960388184  : 68 31 ce 68 02 02 60 42 75 16
110.79807162284851  : 68 31 ce 68 82 0f 35 48 33 33 33 34 97 33 33 33 4f 4f 4f 4f 4f 65 16
110.86832332611084  : 68 20 df 68 01 01 36 07 16
110.98524284362793  : 68 10 ef 68 04 0f b5 33 34 33 51 73 33 33 33 33 97 33 ff ff f1 7a 16
111.0654284954071   : 68 20 df 68 01 01 36 07 16
111.1830677986145   : 68 10 ef 68 04 0f b5 33 34 33 51 73 33 33 33 33 97 33 ff ff f1 7a 16
111.2681052684784   : 68 31 ce 68 02 02 60 42 75 16
111.29972767829895  : 68 31 ce 68 82 0f 35 48 33 33 33 34 97 33 33 33 4f 4f 4f 4f 4f 65 16
111.37564826011658  : 68 20 df 68 02 02 38 3b 46 16
111.48663091659546  : 68 10 ef 68 04 0f b5 33 34 33 51 73 33 33 33 33 97 33 ff ff f1 7a 16
111.57645535469055  : 68 31 ce 68 02 02 60 42 75 16
111.60881471633911  : 68 31 ce 68 82 0f 35 48 33 33 33 34 97 33 33 33 4f 4f 4f 4f 4f 65 16
111.67214751243591  : 68 20 df 68 02 02 38 3b 46 16
111.78460884094238  : 68 10 ef 68 04 0f b5 33 34 33 51 73 33 33 33 33 97 33 ff ff f1 7a 16
111.87487530708313  : 68 31 ce 68 02 02 60 42 75 16
111.90071630477905  : 68 31 ce 68 82 0f 35 48 33 33 33 33 97 33 33 33 4f 4f 4f 4f 4f 64 16
111.97135782241821  : 68 20 df 68 02 02 38 3b 46 16
112.09341025352478  : 68 10 ef 68 04 0f b5 33 34 33 51 73 33 33 33 33 97 33 ff ff f1 7a 16
112.17814898490906  : 68 31 ce 68 02 02 60 42 75 16
112.2098138332367   : 68 31 ce 68 82 0f 35 48 33 33 33 34 97 33 33 33 4f 4f 4f 4f 4f 65 16
112.27406358718872  : 68 20 df 68 02 02 38 3b 46 16
112.38931584358215  : 68 10 ef 68 04 0f b5 33 34 33 51 73 33 33 33 33 97 33 ff ff f1 7a 16
112.4737708568573   : 68 31 ce 68 02 02 60 42 75 16
112.50566577911377  : 68 31 ce 68 82 0f 35 48 33 33 33 34 97 33 33 33 4f 4f 4f 4f 4f 65 16
112.57979726791382  : 68 20 df 68 02 02 38 3b 46 16
112.68944358825684  : 68 10 ef 68 04 0f b5 33 34 33 51 73 33 33 33 33 97 33 ff ff f1 7a 16
112.77839064598083  : 68 31 ce 68 02 02 60 42 75 16
112.81033086776733  : 68 31 ce 68 82 0f 35 48 33 33 33 34 97 33 33 33 4f 4f 4f 4f 4f 65 16
112.87949681282043  : 68 20 df 68 02 02 38 3b 46 16
112.99001717567444  : 68 10 ef 68 04 0f b5 33 34 33 51 73 33 33 33 33 97 33 ff ff f1 7a 16
113.07231092453003  : 68 31 ce 68 02 02 60 42 75 16
113.11335515975952  : 68 31 ce 68 82 0f 35 48 33 33 33 34 97 33 33 33 4f 4f 4f 4f 4f 65 16
113.18313980102539  : 68 20 df 68 02 02 38 3b 46 16
113.29060387611389  : 68 10 ef 68 04 0f b5 33 34 33 51 73 33 33 33 33 97 33 ff ff f1 7a 16
113.37468004226685  : 68 31 ce 68 02 02 60 42 75 16
113.41411519050598  : 68 31 ce 68 82 0f 35 48 33 33 33 34 97 33 33 33 4f 4f 4f 4f 4f 65 16
113.4806911945343   : 68 20 df 68 02 02 38 3b 46 16
113.59023141860962  : 68 10 ef 68 04 0f b5 33 34 33 51 73 33 33 33 33 97 33 ff ff f1 7a 16
113.6756591796875   : 68 31 ce 68 02 02 60 42 75 16
113.70734930038452  : 68 31 ce 68 82 0f 35 48 33 33 33 34 97 33 33 33 4f 4f 4f 4f 4f 65 16
113.78786587715149  : 68 20 df 68 02 02 38 3b 46 16
113.8932991027832   : 68 10 ef 68 04 0f b5 33 34 33 51 73 33 33 33 33 97 33 ff ff f1 7a 16
113.9852385520935   : 68 31 ce 68 02 02 60 42 75 16
114.00633645057678  : 68 31 ce 68 82 0f 35 48 33 33 33 33 97 33 33 33 4f 4f 4f 4f 4f 64 16
114.08617043495178  : 68 20 df 68 02 02 38 3b 46 16
114.1972963809967   : 68 10 ef 68 04 0f b5 33 34 33 51 73 33 33 33 33 97 33 ff ff f1 7a 16
114.27920579910278  : 68 31 ce 68 02 02 60 42 75 16
114.31165099143982  : 68 31 ce 68 82 0f 35 48 33 33 33 34 97 33 33 33 4f 4f 4f 4f 4f 65 16
114.37622690200806  : 68 20 df 68 02 02 38 3b 46 16
114.49496650695801  : 68 10 ef 68 04 0f b5 33 34 33 51 73 33 33 33 33 97 33 ff ff f1 7a 16
114.57998657226562  : 68 31 ce 68 02 02 60 42 75 16
114.61176919937134  : 68 31 ce 68 82 0f 35 48 33 33 33 34 97 33 33 33 4f 4f 4f 4f 4f 65 16
114.67827534675598  : 68 20 df 68 02 02 38 3b 46 16
114.79288578033447  : 68 10 ef 68 04 0f b5 33 34 33 51 73 33 33 33 33 97 33 ff ff f1 7a 16
114.87997436523438  : 68 31 ce 68 02 02 60 42 75 16
114.91191506385803  : 68 31 ce 68 82 0f 35 48 33 33 33 34 97 33 33 33 4f 4f 4f 4f 4f 65 16
114.97986316680908  : 68 20 df 68 02 02 38 3b 46 16
115.09532308578491  : 68 10 ef 68 04 0f b5 33 34 33 51 73 33 33 33 33 97 33 ff ff f1 7a 16
115.18012738227844  : 68 31 ce 68 02 02 60 42 75 16
115.211829662323    : 68 31 ce 68 82 0f 35 48 33 33 33 34 97 33 33 33 4f 4f 4f 4f 4f 65 16
115.28866291046143  : 68 20 df 68 02 02 38 3b 46 16
115.39798545837402  : 68 10 ef 68 04 0f b5 33 34 33 51 73 33 33 33 33 97 33 ff ff f1 7a 16
115.4832329750061   : 68 31 ce 68 02 02 60 42 75 16
115.5155017375946   : 68 31 ce 68 82 0f 35 48 33 33 33 34 97 33 33 33 4f 4f 4f 4f 4f 65 16
115.58010578155518  : 68 20 df 68 02 02 38 3b 46 16
115.70005130767822  : 68 10 ef 68 04 0f b5 33 34 33 51 73 33 33 33 33 97 33 ff ff f1 7a 16
115.8050651550293   : 68 31 ce 68 02 02 60 42 75 16
115.8050651550293   : 68 31 ce 68 82 0f 35 48 33 33 33 34 97 33 33 33 4f 4f 4f 4f 4f 65 16
115.890695810318    : 68 20 df 68 02 02 38 3b 46 16
115.9962682723999   : 68 10 ef 68 04 0f b5 33 34 33 51 73 33 33 33 33 97 33 ff ff f1 7a 16
116.09065437316895  : 68 31 ce 68 02 02 60 42 75 16
116.11143231391907  : 68 31 ce 68 82 0f 35 48 33 33 33 34 97 33 33 33 4f 4f 4f 4f 4f 65 16
116.18564701080322  : 68 20 df 68 02 02 38 3b 46 16
116.29725766181946  : 68 10 ef 68 04 0f b5 33 34 33 51 73 33 33 33 33 97 33 ff ff f1 7a 16
116.3832573890686   : 68 31 ce 68 02 02 60 42 75 16
116.41792416572571  : 68 31 ce 68 82 0f 35 48 33 33 33 34 97 33 33 33 4f 4f 4f 4f 4f 65 16
116.49729347229004  : 68 20 df 68 02 02 38 3b 46 16
116.59821915626526  : 68 10 ef 68 04 0f b5 33 34 33 51 73 33 33 33 33 97 33 ff ff f1 7a 16
116.69025230407715  : 68 31 ce 68 02 02 60 42 75 16
116.72230410575867  : 68 31 ce 68 82 0f 35 48 33 33 33 34 97 33 33 33 4f 4f 4f 4f 4f 65 16
116.78525590896606  : 68 20 df 68 02 02 38 3b 46 16
116.90202760696411  : 68 10 ef 68 04 0f b5 33 34 33 51 73 33 33 33 33 97 33 ff ff f1 7a 16
116.99200510978699  : 68 31 ce 68 02 02 60 42 75 16
117.01392078399658  : 68 31 ce 68 82 0f 35 48 33 33 33 34 97 33 33 33 4f 4f 4f 4f 4f 65 16
117.09636235237122  : 68 20 df 68 02 02 38 3b 46 16
117.20697617530823  : 68 10 ef 68 04 0f b5 33 34 33 51 73 33 33 33 33 97 33 ff ff f1 7a 16
117.28843641281128  : 68 31 ce 68 02 02 60 42 75 16
117.32979369163513  : 68 31 ce 68 82 0f 35 48 33 33 33 34 97 33 33 33 4f 4f 4f 4f 4f 65 16
117.39618039131165  : 68 20 df 68 02 02 38 3b 46 16
117.50183820724487  : 68 10 ef 68 04 0f b5 33 34 33 51 73 33 33 33 33 97 33 ff ff f1 7a 16
117.59029269218445  : 68 31 ce 68 02 02 60 42 75 16
117.6223635673523   : 68 31 ce 68 82 0f 35 48 33 33 33 34 97 33 33 33 4f 4f 4f 4f 4f 65 16
117.69618105888367  : 68 20 df 68 02 02 38 3b 46 16
117.80513310432434  : 68 10 ef 68 04 0f b5 33 34 33 51 73 33 33 33 33 97 33 ff ff f1 7a 16
117.89039373397827  : 68 31 ce 68 02 02 60 42 75 16
117.92258596420288  : 68 31 ce 68 82 0f 35 48 33 33 33 34 97 33 33 33 4f 4f 4f 4f 4f 65 16
117.98678708076477  : 68 20 df 68 02 02 38 3b 46 16
118.11217379570007  : 68 10 ef 68 04 0f b5 33 34 33 51 73 33 33 33 33 97 33 ff ff f1 7a 16
118.19245386123657  : 68 31 ce 68 02 02 60 42 75 16
118.2245991230011   : 68 31 ce 68 82 0f 35 48 33 33 33 34 97 33 33 33 4f 4f 4f 4f 4f 65 16
118.2905502319336   : 68 20 df 68 02 02 38 3b 46 16
118.4080855846405   : 68 10 ef 68 04 0f b5 33 34 33 51 73 33 33 33 33 97 33 ff ff f1 7a 16
118.49244952201843  : 68 31 ce 68 02 02 60 42 75 16
118.52415943145752  : 68 31 ce 68 82 0f 35 48 33 33 33 34 97 33 33 33 4f 4f 4f 4f 4f 65 16
118.59908103942871  : 68 20 df 68 02 02 38 3b 46 16
118.71046829223633  : 68 10 ef 68 04 0f b5 33 34 33 51 73 33 33 33 33 97 33 ff ff f1 7a 16
118.80141496658325  : 68 31 ce 68 02 02 60 42 75 16
118.82303190231323  : 68 31 ce 68 82 0f 35 48 33 33 33 34 97 33 33 33 4f 4f 4f 4f 4f 65 16
118.89653086662292  : 68 20 df 68 02 02 38 3b 46 16
119.00920104980469  : 68 10 ef 68 04 0f b5 33 34 33 51 73 33 33 33 33 97 33 ff ff f1 7a 16
119.0994017124176   : 68 31 ce 68 02 02 60 42 75 16
119.12810587882996  : 68 31 ce 68 82 0f 35 48 33 33 33 34 97 33 33 33 4f 4f 4f 4f 4f 65 16
119.19218111038208  : 68 20 df 68 02 02 38 3b 46 16
119.3110818862915   : 68 10 ef 68 04 0f b5 33 34 33 51 73 33 33 33 33 97 33 ff ff f1 7a 16
119.39111757278442  : 68 31 ce 68 02 02 60 42 75 16
119.42274498939514  : 68 31 ce 68 82 0f 35 48 33 33 33 34 97 33 33 33 4f 4f 4f 4f 4f 65 16
119.50097417831421  : 68 20 df 68 02 02 38 3b 46 16
119.61345505714417  : 68 10 ef 68 04 0f b5 33 34 33 51 73 33 33 33 33 97 33 ff ff f1 7a 16
119.69977641105652  : 68 31 ce 68 02 02 60 42 75 16
119.72105836868286  : 68 31 ce 68 82 0f 35 48 33 33 33 34 97 33 33 33 4f 4f 4f 4f 4f 65 16
119.79627752304077  : 68 20 df 68 02 02 38 3b 46 16
119.90822315216064  : 68 10 ef 68 04 0f b5 33 34 33 51 73 33 33 33 33 97 33 ff ff f1 7a 16
119.99568343162537  : 68 31 ce 68 02 02 60 42 75 16
120.02768969535828  : 68 31 ce 68 82 0f 35 48 33 33 33 33 97 33 33 33 4f 4f 4f 4f 4f 64 16
120.09384179115295  : 68 20 df 68 02 02 38 3b 46 16
120.20833349227905  : 68 10 ef 68 04 0f b5 33 34 33 51 73 33 33 33 33 97 33 ff ff f1 7a 16
120.29580545425415  : 68 31 ce 68 02 02 60 42 75 16
120.32717037200928  : 68 31 ce 68 82 0f 35 48 33 33 33 34 97 33 33 33 4f 4f 4f 4f 4f 65 16
120.3957781791687   : 68 20 df 68 02 02 38 3b 46 16
120.51219916343689  : 68 10 ef 68 04 0f b5 33 34 33 51 73 33 33 33 33 97 33 ff ff f1 7a 16
120.59606003761292  : 68 31 ce 68 02 02 60 42 75 16
120.62799096107483  : 68 31 ce 68 82 0f 35 48 33 33 33 34 97 33 33 33 4f 4f 4f 4f 4f 65 16
120.69596695899963  : 68 20 df 68 02 02 38 3b 46 16
120.81571984291077  : 68 10 ef 68 04 0f b5 33 34 33 51 73 33 33 33 33 97 33 ff ff f1 7a 16
120.89632630348206  : 68 31 ce 68 02 02 60 42 75 16
120.928302526474    : 68 31 ce 68 82 0f 35 48 33 33 33 34 97 33 33 33 4f 4f 4f 4f 4f 65 16
120.99625158309937  : 68 20 df 68 02 02 38 3b 46 16
121.11600613594055  : 68 10 ef 68 04 0f b5 33 34 33 51 73 33 33 33 33 97 33 ff ff f1 7a 16
121.2022659778595   : 68 31 ce 68 02 02 60 42 75 16
121.2332329750061   : 68 31 ce 68 82 0f 35 48 33 33 33 34 97 33 33 33 4f 4f 4f 4f 4f 65 16
121.2968122959137   : 68 20 df 68 02 02 38 3b 46 16
121.41908097267151  : 68 10 ef 68 04 0f b5 33 34 33 51 73 33 33 33 33 97 33 ff ff f1 7a 16
121.4996395111084   : 68 31 ce 68 02 02 60 42 75 16
121.52819180488586  : 68 31 ce 68 82 0f 35 48 33 33 33 34 97 33 33 33 4f 4f 4f 4f 4f 65 16
121.60273671150208  : 68 20 df 68 02 02 38 3b 46 16
121.71932554244995  : 68 10 ef 68 04 0f b5 33 34 33 51 73 33 33 33 33 97 33 ff ff f1 7a 16
121.79963994026184  : 68 31 ce 68 02 02 60 42 75 16
121.83142328262329  : 68 31 ce 68 82 0f 35 48 33 33 33 34 97 33 33 33 4f 4f 4f 4f 4f 65 16
121.90088725090027  : 68 20 df 68 02 02 38 3b 46 16
122.01665186882019  : 68 10 ef 68 04 0f b5 33 34 33 51 73 33 33 33 33 97 33 ff ff f1 7a 16
122.11237478256226  : 68 31 ce 68 02 02 60 42 75 16
122.1336555480957   : 68 31 ce 68 82 0f 35 48 33 33 33 33 97 33 33 33 4f 4f 4f 4f 4f 64 16
122.2074065208435   : 68 20 df 68 02 02 38 3b 46 16
122.32149267196655  : 68 10 ef 68 04 0f b5 33 34 33 51 73 33 33 33 33 97 33 ff ff f1 7a 16
122.40668749809265  : 68 31 ce 68 02 02 60 42 75 16
122.43837976455688  : 68 31 ce 68 82 0f 35 48 33 33 33 33 97 33 33 33 4f 4f 4f 4f 4f 64 16
122.50171685218811  : 68 20 df 68 02 02 38 3b 46 16
122.62530899047852  : 68 10 ef 68 04 0f b5 33 34 33 51 73 33 33 33 33 97 33 ff ff f1 7a 16
122.71572589874268  : 68 31 ce 68 02 02 60 42 75 16
122.74518513679504  : 68 31 ce 68 82 0f 35 48 33 33 33 34 97 33 33 33 4f 4f 4f 4f 4f 65 16
122.80358457565308  : 68 20 df 68 02 02 38 3b 46 16
122.92298436164856  : 68 10 ef 68 04 0f b5 33 34 33 51 73 33 33 33 33 97 33 ff ff f1 7a 16
123.01083636283875  : 68 31 ce 68 02 02 60 42 75 16
123.03207111358643  : 68 31 ce 68 82 0f 35 48 33 33 33 34 97 33 33 33 4f 4f 4f 4f 4f 65 16
123.10616087913513  : 68 20 df 68 02 02 38 3b 46 16
123.22190403938293  : 68 10 ef 68 04 0f b5 33 34 33 51 73 33 33 33 33 97 33 ff ff f1 7a 16
123.30730485916138  : 68 31 ce 68 02 02 60 42 75 16
123.33914875984192  : 68 31 ce 68 82 0f 35 48 33 33 33 34 97 33 33 33 4f 4f 4f 4f 4f 65 16
123.40235090255737  : 68 20 df 68 02 02 38 3b 46 16
123.52439403533936  : 68 10 ef 68 04 0f b5 33 34 33 51 73 33 33 33 33 97 33 ff ff f1 7a 16
123.61463260650635  : 68 31 ce 68 02 02 60 42 75 16
123.63589453697205  : 68 31 ce 68 82 0f 35 48 33 33 33 34 97 33 33 33 4f 4f 4f 4f 4f 65 16
123.70640325546265  : 68 20 df 68 02 02 38 3b 46 16
123.82304358482361  : 68 10 ef 68 04 0f b5 33 34 33 51 73 33 33 33 33 97 33 ff ff f1 7a 16
123.91917681694031  : 68 31 ce 68 02 02 60 42 75 16
123.94078016281128  : 68 31 ce 68 82 0f 35 48 33 33 33 34 97 33 33 33 4f 4f 4f 4f 4f 65 16
124.00546288490295  : 68 20 df 68 02 02 38 3b 46 16
124.12715315818787  : 68 10 ef 68 04 0f b5 33 34 33 51 73 33 33 33 33 97 33 ff ff f1 7a 16
124.2119972705841   : 68 31 ce 68 02 02 60 42 75 16
124.24382495880127  : 68 31 ce 68 82 0f 35 48 33 33 33 33 97 33 33 33 4f 4f 4f 4f 4f 64 16
124.31023287773132  : 68 20 df 68 02 02 38 3b 46 16
124.42069268226624  : 68 10 ef 68 04 0f b5 33 34 33 51 73 33 33 33 33 97 33 ff ff f1 7a 16
124.50613975524902  : 68 31 ce 68 02 02 60 42 75 16
124.53865790367126  : 68 31 ce 68 82 0f 35 48 33 33 33 33 97 33 33 33 4f 4f 4f 4f 4f 64 16
124.61199569702148  : 68 20 df 68 02 02 38 3b 46 16
124.72357130050659  : 68 10 ef 68 04 0f b5 33 34 33 51 73 33 33 33 33 97 33 ff ff f1 7a 16
124.81459522247314  : 68 31 ce 68 02 02 60 42 75 16
124.83586430549622  : 68 31 ce 68 82 0f 35 48 33 33 33 34 97 33 33 33 4f 4f 4f 4f 4f 65 16
124.91264200210571  : 68 20 df 68 02 02 38 3b 46 16
125.03071928024292  : 68 10 ef 68 04 0f b5 33 34 33 51 73 33 33 33 33 97 33 ff ff f1 7a 16
125.11707496643066  : 68 31 ce 68 02 02 60 42 75 16
125.1384825706482   : 68 31 ce 68 82 0f 35 48 33 33 33 34 97 33 33 33 4f 4f 4f 4f 4f 65 16
125.21340894699097  : 68 20 df 68 02 02 38 3b 46 16
125.3268563747406   : 68 10 ef 68 04 0f b5 33 34 33 51 73 33 33 33 33 97 33 ff ff f1 7a 16
125.41184639930725  : 68 31 ce 68 02 02 60 42 75 16
125.44366431236267  : 68 31 ce 68 82 0f 35 48 33 33 33 34 97 33 33 33 4f 4f 4f 4f 4f 65 16
125.510178565979    : 68 20 df 68 02 02 38 3b 46 16
125.6285252571106   : 68 10 ef 68 04 0f b5 33 34 33 51 73 33 33 33 33 97 33 ff ff f1 7a 16
125.71629905700684  : 68 31 ce 68 02 02 60 42 75 16
125.74815201759338  : 68 31 ce 68 82 0f 35 48 33 33 33 34 97 33 33 33 4f 4f 4f 4f 4f 65 16
125.81082344055176  : 68 20 df 68 02 02 38 3b 46 16
125.93100786209106  : 68 10 ef 68 04 0f b5 33 34 33 51 73 33 33 33 33 97 33 ff ff f1 7a 16
126.01182246208191  : 68 31 ce 68 02 02 60 42 75 16
126.0437548160553   : 68 31 ce 68 82 0f 35 48 33 33 33 34 97 33 33 33 4f 4f 4f 4f 4f 65 16
126.11221194267273  : 68 20 df 68 02 02 38 3b 46 16
126.22991871833801  : 68 10 ef 68 04 0f b5 33 34 33 51 73 33 33 33 33 97 33 ff ff f1 7a 16
126.31656551361084  : 68 31 ce 68 02 02 60 42 75 16
126.34896636009216  : 68 31 ce 68 82 0f 35 48 33 33 33 34 97 33 33 33 4f 4f 4f 4f 4f 65 16
126.41296696662903  : 68 20 df 68 02 02 38 3b 46 16
126.53691148757935  : 68 10 ef 68 04 0f b5 33 34 33 51 73 33 33 33 33 97 33 ff ff f1 7a 16
126.62241387367249  : 68 31 ce 68 02 02 60 42 75 16
126.64358329772949  : 68 31 ce 68 82 0f 35 48 33 33 33 34 97 33 33 33 4f 4f 4f 4f 4f 65 16
126.71225047111511  : 68 20 df 68 02 02 38 3b 46 16
126.82787775993347  : 68 10 ef 68 04 0f b5 33 34 33 51 73 33 33 33 33 97 33 ff ff f1 7a 16
126.92237639427185  : 68 31 ce 68 02 02 60 42 75 16
126.9436285495758   : 68 31 ce 68 82 0f 35 48 33 33 33 34 97 33 33 33 4f 4f 4f 4f 4f 65 16
127.01771926879883  : 68 20 df 68 02 02 38 3b 46 16
127.13171672821045  : 68 10 ef 68 04 0f b5 33 34 33 51 73 33 33 33 33 97 33 ff ff f1 7a 16
127.22240948677063  : 68 31 ce 68 02 02 60 42 75 16
127.2436671257019   : 68 31 ce 68 82 0f 35 48 33 33 33 34 97 33 33 33 4f 4f 4f 4f 4f 65 16
127.31931352615356  : 68 20 df 68 02 02 38 3b 46 16
127.43010950088501  : 68 10 ef 68 04 0f b5 33 34 33 51 73 33 33 33 33 97 33 ff ff f1 7a 16
127.52248358726501  : 68 31 ce 68 02 02 60 42 75 16
127.54394483566284  : 68 31 ce 68 82 0f 35 48 33 33 33 34 97 33 33 33 4f 4f 4f 4f 4f 65 16
127.61827182769775  : 68 20 df 68 02 02 38 3b 46 16
127.73761367797852  : 68 10 ef 68 04 0f b5 33 34 33 51 73 33 33 33 33 97 33 ff ff a2 2b 16
127.81914186477661  : 68 31 ce 68 02 02 60 42 75 16
127.85416960716248  : 68 31 ce 68 82 0f 35 48 33 33 33 33 97 33 33 33 4f 4f 4f 4f 4f 64 16
127.92803692817688  : 68 20 df 68 02 02 38 3b 46 16
128.03308534622192  : 68 10 ef 68 04 0f b5 33 34 33 51 73 33 33 33 33 97 33 ff ff a2 2b 16
128.12375020980835  : 68 31 ce 68 02 02 60 42 75 16
128.16135907173157  : 68 31 ce 68 82 0f 35 48 33 33 33 34 97 33 33 33 4f 4f 4f 4f 4f 65 16
128.22860169410706  : 68 20 df 68 02 02 38 3b 46 16
128.33238816261292  : 68 10 ef 68 04 0f b5 33 34 33 51 73 33 33 33 33 97 33 ff ff a2 2b 16
128.4282169342041   : 68 31 ce 68 02 02 60 42 75 16
128.44945573806763  : 68 31 ce 68 82 0f 35 48 33 33 33 33 97 33 33 33 4f 4f 4f 4f 4f 64 16
128.52995204925537  : 68 20 df 68 02 02 38 3b 46 16
128.63558197021484  : 68 10 ef 68 04 0f b5 33 34 33 51 73 33 33 33 33 97 33 ff ff a2 2b 16
128.72031474113464  : 68 31 ce 68 02 02 60 42 75 16
128.75240969657898  : 68 31 ce 68 82 0f 35 48 33 33 33 33 97 33 33 33 4f 4f 4f 4f 4f 64 16
128.82547450065613  : 68 20 df 68 02 02 38 3b 46 16
128.94307017326355  : 68 10 ef 68 04 0f b5 33 34 33 51 73 33 33 33 33 97 33 ff ff a2 2b 16
129.02751445770264  : 68 31 ce 68 02 02 60 42 75 16
129.05015087127686  : 68 31 ce 68 82 0f 35 48 33 33 33 33 97 33 33 33 4f 4f 4f 4f 4f 64 16
129.11918425559998  : 68 20 df 68 02 02 38 3b 46 16
129.23468232154846  : 68 10 ef 68 04 0f b5 33 34 33 51 73 33 33 33 33 97 33 ff ff a2 2b 16
129.3221881389618   : 68 31 ce 68 02 02 60 42 75 16
129.35428404808044  : 68 31 ce 68 82 0f 35 48 33 33 33 33 97 33 33 33 4f 4f 4f 4f 4f 64 16
129.4287712574005   : 68 20 df 68 02 02 38 3b 46 16
129.5431191921234   : 68 10 ef 68 04 0f b5 33 34 33 51 73 33 33 33 33 97 33 ff ff a2 2b 16
129.6279513835907   : 68 31 ce 68 02 02 60 42 75 16
129.65969610214233  : 68 31 ce 68 82 0f 35 48 33 33 33 34 97 33 33 33 4f 4f 4f 4f 4f 65 16
129.72577238082886  : 68 20 df 68 02 02 38 3b 46 16
129.83623433113098  : 68 10 ef 68 04 0f b5 33 34 33 51 73 33 33 33 33 97 33 ff ff a2 2b 16
129.92158555984497  : 68 31 ce 68 02 02 60 42 75 16
129.95366597175598  : 68 31 ce 68 82 0f 35 48 33 33 33 34 97 33 33 33 4f 4f 4f 4f 4f 65 16
130.02788138389587  : 68 20 df 68 02 02 38 3b 46 16
130.13911175727844  : 68 10 ef 68 04 0f b5 33 34 33 51 73 33 33 33 33 97 33 ff ff a2 2b 16
130.23001956939697  : 68 31 ce 68 02 02 60 42 75 16
130.26152753829956  : 68 31 ce 68 82 0f 35 48 33 33 33 34 97 33 33 33 4f 4f 4f 4f 4f 65 16
130.32841658592224  : 68 20 df 68 02 02 38 3b 46 16
130.4405460357666   : 68 10 ef 68 04 0f b5 33 34 33 51 73 33 33 33 33 97 33 ff ff a2 2b 16
130.52779817581177  : 68 31 ce 68 02 02 60 42 75 16
130.55981874465942  : 68 31 ce 68 82 0f 35 48 33 33 33 34 97 33 33 33 4f 4f 4f 4f 4f 65 16
130.6261692047119   : 68 20 df 68 02 02 38 3b 46 16
130.7404978275299   : 68 10 ef 68 04 0f b5 33 34 33 51 73 33 33 33 33 97 33 ff ff a2 2b 16
130.83274865150452  : 68 31 ce 68 02 02 60 42 75 16
130.85427451133728  : 68 31 ce 68 82 0f 35 48 33 33 33 33 97 33 33 33 4f 4f 4f 4f 4f 64 16
130.934504032135    : 68 20 df 68 02 02 38 3b 46 16
131.04256558418274  : 68 10 ef 68 04 0f b5 33 34 33 51 73 33 33 33 33 97 33 ff ff a2 2b 16
131.1263394355774   : 68 31 ce 68 02 02 60 42 75 16
131.15875220298767  : 68 31 ce 68 82 0f 35 48 33 33 33 34 97 33 33 33 4f 4f 4f 4f 4f 65 16
131.22889471054077  : 68 20 df 68 02 02 38 3b 46 16
131.34290981292725  : 68 10 ef 68 04 0f b5 33 34 33 51 73 33 33 33 33 97 33 ff ff a2 2b 16
131.42769813537598  : 68 31 ce 68 02 02 60 42 75 16
131.4597201347351   : 68 31 ce 68 82 0f 35 48 33 33 33 34 97 33 33 33 4f 4f 4f 4f 4f 65 16
131.5359559059143   : 68 20 df 68 02 02 38 3b 46 16
131.6455364227295   : 68 10 ef 68 04 0f b5 33 34 33 51 73 33 33 33 33 97 33 ff ff a2 2b 16
131.73284912109375  : 68 31 ce 68 02 02 60 42 75 16
131.76551008224487  : 68 31 ce 68 82 0f 35 48 33 33 33 34 97 33 33 33 4f 4f 4f 4f 4f 65 16
131.8289246559143   : 68 20 df 68 02 02 38 3b 46 16
131.9424798488617   : 68 10 ef 68 04 0f b5 33 34 33 51 73 33 33 33 33 97 33 ff ff a2 2b 16
132.0371241569519   : 68 31 ce 68 02 02 60 42 75 16
132.05822920799255  : 68 31 ce 68 82 0f 35 48 33 33 33 33 97 33 33 33 4f 4f 4f 4f 4f 64 16
132.1325969696045   : 68 20 df 68 02 02 38 3b 46 16
132.2488613128662   : 68 10 ef 68 04 0f b5 33 34 33 51 73 33 33 33 33 97 33 ff ff a2 2b 16
132.33541893959045  : 68 31 ce 68 02 02 60 42 75 16
132.3672742843628   : 68 31 ce 68 82 0f 35 48 33 33 33 33 97 33 33 33 4f 4f 4f 4f 4f 64 16
132.43105149269104  : 68 20 df 68 02 02 38 3b 46 16
132.5465371608734   : 68 10 ef 68 04 0f b5 33 34 33 51 73 33 33 33 33 97 33 ff ff f1 7a 16
132.638267993927    : 68 31 ce 68 02 02 60 42 75 16
132.6597728729248   : 68 31 ce 68 82 0f 35 48 33 33 33 34 97 33 33 33 4f 4f 4f 4f 4f 65 16
132.74411725997925  : 68 20 df 68 02 02 38 3b 46 16
132.8547224998474   : 68 10 ef 68 04 0f b5 33 34 33 51 73 33 33 33 33 97 33 ff ff f1 7a 16
132.9396505355835   : 68 31 ce 68 02 02 60 42 75 16
132.96346402168274  : 68 31 ce 68 82 0f 35 48 33 33 33 33 97 33 33 33 4f 4f 4f 4f 4f 64 16
133.0308883190155   : 68 20 df 68 02 02 38 3b 46 16
133.1480004787445   : 68 10 ef 68 04 0f b5 33 34 33 51 73 33 33 33 33 97 33 ff ff f1 7a 16
133.24054336547852  : 68 31 ce 68 02 02 60 42 75 16
133.26172995567322  : 68 31 ce 68 82 0f 35 48 33 33 33 34 97 33 33 33 4f 4f 4f 4f 4f 65 16
133.34422612190247  : 68 20 df 68 02 02 38 3b 46 16
133.45643281936646  : 68 10 ef 68 04 0f b5 33 34 33 51 73 33 33 33 33 97 33 ff ff f1 7a 16
133.53350257873535  : 68 31 ce 68 02 02 60 42 75 16
133.57178163528442  : 68 31 ce 68 82 0f 35 48 33 33 33 34 97 33 33 33 4f 4f 4f 4f 4f 65 16
133.63515615463257  : 68 20 df 68 02 02 38 3b 46 16
134.13885354995728  : 68 31 ce 68 02 02 60 42 75 16
134.1643304824829   : 68 31 ce 68 82 0f 35 48 33 33 33 33 97 33 33 33 4f 4f 4f 4f 4f 64 16
134.24407267570496  : 68 31 ce 68 02 02 60 42 75 16
134.2652382850647   : 68 31 ce 68 82 0f 35 48 33 33 33 33 97 33 33 33 4f 4f 4f 4f 4f 64 16
134.34601473808289  : 68 31 ce 68 02 02 60 42 75 16
134.3671097755432   : 68 31 ce 68 82 0f 35 48 33 33 33 33 97 33 33 33 4f 4f 4f 4f 4f 64 16
135.3400161266327   : 68 31 ce 68 02 02 60 42 75 16
135.37522864341736  : 68 31 ce 68 82 0f 35 48 33 33 33 33 97 33 33 33 4f 4f 4f 4f 4f 64 16
135.4511513710022   : 68 31 ce 68 02 02 60 42 75 16
135.47306108474731  : 68 31 ce 68 82 0f 35 48 33 33 33 33 97 33 33 33 4f 4f 4f 4f 4f 64 16
135.5478756427765   : 68 31 ce 68 02 02 60 42 75 16
135.56893253326416  : 68 31 ce 68 82 0f 35 48 33 33 33 33 97 33 33 33 4f 4f 4f 4f 4f 64 16
135.94142508506775  : 68 31 ce 68 02 02 3c 57 66 16
135.98409128189087  : 68 31 ce 68 82 24 75 88 80 6c 7f 69 65 86 67 66 68 63 63 68 6c 6b 5d 5c 50 54 59 43 56 1e 79 6f 6a 65 1f 24 34 63 6d cb 34 26 fb 16
136.04800724983215  : 68 31 ce 68 02 02 3c 57 66 16
136.0803577899933   : 68 31 ce 68 82 24 75 88 80 6c 7f 69 65 86 67 66 68 63 63 68 6c 6b 5d 5c 50 54 59 43 56 1e 79 6f 6a 65 1f 24 34 63 6d cb 34 26 fb 16
136.1470069885254   : 68 31 ce 68 02 02 3c 57 66 16
136.1894302368164   : 68 31 ce 68 82 24 75 88 80 6c 7f 69 65 86 67 66 68 63 63 68 6c 6b 5d 5c 50 54 59 43 56 1e 79 6f 6a 65 1f 24 34 63 6d cb 34 26 fb 16
