3.748547077178955   : 68 20 df 68 01 01 36 07 16
4.372036933898926   : 68 20 df 68 01 01 36 07 16
4.3978307247161865  : 68 20 df 68 81 10 80 88 64 66 67 6b 65 75 67 65 68 64 63 6c 6a 64 13 16
4.519316673278809   : 68 20 df 68 05 02 4f b9 de 16
4.530227899551392   : 68 20 df 68 85 01 01 56 16
4.562240839004517   : 68 31 ce 68 02 02 60 42 75 16
4.678630352020264   : 68 20 df 68 02 02 38 3b 46 16
4.700230121612549   : 68 20 df 68 82 0c 63 59 6f 34 33 4c 33 33 33 33 3b 33 75 16
4.742574453353882   : 68 10 ef 68 04 0f 37 33 34 33 34 33 33 33 33 33 66 33 33 34 33 19 16
4.764387369155884   : 68 10 ef 68 84 01 34 88 16
4.876056909561157   : 68 20 df 68 02 02 38 3b 46 16
4.897476434707642   : 68 20 df 68 82 0c 63 59 6f 34 33 4c 33 33 33 33 3b 33 75 16
4.939907789230347   : 68 10 ef 68 04 0f 37 33 34 33 34 33 33 33 33 33 66 33 33 34 33 19 16
4.975984811782837   : 68 10 ef 68 84 01 34 88 16
5.071368455886841   : 68 20 df 68 02 02 38 3b 46 16
5.103522539138794   : 68 20 df 68 82 0c 63 59 6f 34 33 4c 33 33 33 33 3b 33 75 16
5.145532846450806   : 68 10 ef 68 04 0f 37 33 34 33 34 33 33 33 33 33 66 33 33 34 33 19 16
5.172234535217285   : 68 10 ef 68 84 01 34 88 16
5.269855976104736   : 68 20 df 68 02 02 38 3b 46 16
5.301635265350342   : 68 20 df 68 82 0c 63 59 6f 34 33 4c 33 33 33 33 3b 33 75 16
5.3442559242248535  : 68 10 ef 68 04 0f 37 33 34 33 34 33 33 33 33 33 66 33 33 34 33 19 16
5.376557350158691   : 68 10 ef 68 84 01 34 88 16
5.4731550216674805  : 68 20 df 68 02 02 38 3b 46 16
5.504906177520752   : 68 20 df 68 82 0c 63 59 6f 34 33 4c 33 33 33 33 3b 33 75 16
5.5373687744140625  : 68 10 ef 68 04 0f 37 33 34 33 34 33 33 33 33 33 66 33 33 34 33 19 16
5.572035074234009   : 68 10 ef 68 84 01 34 88 16
5.669740438461304   : 68 20 df 68 02 02 38 3b 46 16
5.70182728767395    : 68 20 df 68 82 0c 63 59 6f 34 33 4c 33 33 33 33 3b 33 75 16
5.744513988494873   : 68 10 ef 68 04 0f 37 33 34 33 34 33 33 33 33 33 66 33 33 34 33 19 16
5.776769161224365   : 68 10 ef 68 84 01 34 88 16
5.873983144760132   : 68 20 df 68 02 02 38 3b 46 16
5.89544677734375    : 68 20 df 68 82 0c 63 59 6f 34 33 4c 33 33 33 33 3b 33 75 16
5.9377052783966064  : 68 10 ef 68 04 0f 37 33 34 33 34 33 33 33 33 33 66 33 33 34 33 19 16
5.979817152023315   : 68 10 ef 68 84 01 34 88 16
6.074746370315552   : 68 20 df 68 02 02 38 3b 46 16
6.096177577972412   : 68 20 df 68 82 0c 63 59 6f 34 33 4c 33 33 33 33 3b 33 75 16
6.13904070854187    : 68 10 ef 68 04 0f 37 33 34 33 34 33 33 33 33 33 66 33 33 34 33 19 16
6.209312915802002   : 68 10 ef 68 84 01 34 88 16
6.2777628898620605  : 68 20 df 68 02 02 38 3b 46 16
6.3091981410980225  : 68 20 df 68 82 0c 63 59 6f 34 33 4c 33 33 33 33 3b 33 75 16
6.341660022735596   : 68 10 ef 68 04 0f 37 33 34 33 34 33 33 33 33 33 66 33 33 34 33 19 16
6.3801429271698     : 68 10 ef 68 84 01 34 88 16
6.470126390457153   : 68 20 df 68 02 02 38 3b 46 16
6.5019543170928955  : 68 20 df 68 82 0c 63 59 6f 34 33 4c 33 33 33 33 3b 33 75 16
6.544144153594971   : 68 10 ef 68 04 0f 37 33 34 33 34 33 33 33 33 33 66 33 33 34 33 19 16
6.565231084823608   : 68 10 ef 68 84 01 34 88 16
6.677786111831665   : 68 20 df 68 02 02 38 3b 46 16
6.698948621749878   : 68 20 df 68 82 0c 63 59 6f 34 33 4c 33 33 33 33 3b 33 75 16
6.741306304931641   : 68 10 ef 68 04 0f 37 33 34 33 34 33 33 33 33 33 66 33 33 34 33 19 16
6.768949270248413   : 68 10 ef 68 84 01 34 88 16
6.875413417816162   : 68 20 df 68 02 02 38 3b 46 16
6.89699125289917    : 68 20 df 68 82 0c 63 59 6f 34 33 4c 33 33 33 33 3b 33 75 16
6.940024137496948   : 68 10 ef 68 04 0f 37 33 34 33 34 33 33 33 33 33 66 33 33 34 33 19 16
6.975970268249512   : 68 10 ef 68 84 01 34 88 16
7.069379091262817   : 68 20 df 68 02 02 38 3b 46 16
7.10136342048645    : 68 20 df 68 82 0c 63 59 6f 34 33 4c 33 33 33 33 3b 33 75 16
7.143058776855469   : 68 10 ef 68 04 0f 37 33 34 33 34 33 33 33 33 33 66 33 33 34 33 19 16
7.164338111877441   : 68 10 ef 68 84 01 34 88 16
7.276136875152588   : 68 20 df 68 02 02 38 3b 46 16
7.297780990600586   : 68 20 df 68 82 0c 63 59 6f 34 33 4c 33 33 33 33 3b 33 75 16
7.34004282951355    : 68 10 ef 68 04 0f 37 33 34 33 34 33 33 33 33 33 66 33 33 34 33 19 16
7.376547813415527   : 68 10 ef 68 84 01 34 88 16
7.473924398422241   : 68 20 df 68 02 02 38 3b 46 16
7.495060205459595   : 68 20 df 68 82 0c 63 59 6f 34 33 4c 33 33 33 33 3b 33 75 16
7.537706136703491   : 68 10 ef 68 04 0f 37 33 34 33 34 33 33 33 33 33 66 33 33 34 33 19 16
7.575364351272583   : 68 10 ef 68 84 01 34 88 16
7.669475555419922   : 68 20 df 68 02 02 38 3b 46 16
7.7020814418792725  : 68 20 df 68 82 0c 63 59 6f 34 33 4c 33 33 33 33 3b 33 75 16
7.744277715682983   : 68 10 ef 68 04 0f 37 33 34 33 34 33 33 33 33 33 66 33 33 34 33 19 16
7.775933742523193   : 68 10 ef 68 84 01 34 88 16
7.869145393371582   : 68 20 df 68 02 02 38 3b 46 16
7.9012510776519775  : 68 20 df 68 82 0c 63 59 6f 34 33 4c 33 33 33 33 3b 33 75 16
7.943497657775879   : 68 10 ef 68 04 0f 37 33 34 33 34 33 33 33 33 33 66 33 33 34 33 19 16
7.975819826126099   : 68 10 ef 68 84 01 34 88 16
8.069740056991577   : 68 20 df 68 02 02 38 3b 46 16
8.101693630218506   : 68 20 df 68 82 0c 63 59 6f 34 33 4c 33 33 33 33 3b 33 75 16
8.143882036209106   : 68 10 ef 68 04 0f 37 33 34 33 34 33 33 33 33 33 66 33 33 34 33 19 16
8.186208486557007   : 68 10 ef 68 84 01 34 88 16
8.277331352233887   : 68 20 df 68 02 02 38 3b 46 16
8.29854965209961    : 68 20 df 68 82 0c 63 59 6f 34 33 4c 33 33 33 33 3b 33 75 16
8.340794086456299   : 68 10 ef 68 04 0f 37 33 34 33 34 33 33 33 33 33 66 33 33 34 33 19 16
8.382887840270996   : 68 10 ef 68 84 01 34 88 16
8.473723411560059   : 68 20 df 68 02 02 38 3b 46 16
8.495125770568848   : 68 20 df 68 82 0c 63 59 6f 34 33 4c 33 33 33 33 3b 33 75 16
8.537991285324097   : 68 10 ef 68 04 0f 37 33 34 33 34 33 33 33 33 33 66 33 33 34 33 19 16
8.559272766113281   : 68 10 ef 68 84 01 34 88 16
8.675572395324707   : 68 20 df 68 02 02 38 3b 46 16
8.697039604187012   : 68 20 df 68 82 0c 63 59 6f 34 33 4c 33 33 33 33 3b 33 75 16
8.7397780418396     : 68 10 ef 68 04 0f 37 33 34 33 34 33 33 33 33 33 66 33 33 34 33 19 16
8.761343717575073   : 68 10 ef 68 84 01 34 88 16
8.873868465423584   : 68 20 df 68 02 02 38 3b 46 16
8.895509719848633   : 68 20 df 68 82 0c 63 59 6f 34 33 4c 33 33 33 33 3b 33 75 16
8.937926292419434   : 68 10 ef 68 04 0f 37 33 34 33 34 33 33 33 33 33 66 33 33 34 33 19 16
8.959622621536255   : 68 10 ef 68 84 01 34 88 16
9.0769202709198     : 68 20 df 68 02 02 38 3b 46 16
9.098463535308838   : 68 20 df 68 82 0c 63 59 6f 34 33 4c 33 33 33 33 3b 33 75 16
9.140950918197632   : 68 10 ef 68 04 0f 37 33 34 33 34 33 33 33 33 33 66 33 33 34 33 19 16
9.169188261032104   : 68 10 ef 68 84 01 34 88 16
9.269265413284302   : 68 20 df 68 02 02 38 3b 46 16
9.301123142242432   : 68 20 df 68 82 0c 63 59 6f 34 33 4c 33 33 33 33 3b 33 75 16
9.343662023544312   : 68 10 ef 68 04 0f 37 33 34 33 34 33 33 33 33 33 66 33 33 34 33 19 16
9.375521421432495   : 68 10 ef 68 84 01 34 88 16
9.47751784324646    : 68 20 df 68 02 02 38 3b 46 16
9.499187469482422   : 68 20 df 68 82 0c 63 59 6f 34 33 4c 33 33 33 33 3b 33 75 16
9.541673421859741   : 68 10 ef 68 04 0f 37 33 34 33 34 33 33 33 33 33 66 33 33 34 33 19 16
9.56360387802124    : 68 10 ef 68 84 01 34 88 16
9.671708345413208   : 68 20 df 68 02 02 38 3b 46 16
9.69419813156128    : 68 20 df 68 82 0c 63 59 6f 34 33 4c 33 33 33 33 3b 33 75 16
9.736398220062256   : 68 10 ef 68 04 0f 37 33 34 33 34 33 33 33 33 33 66 33 33 34 33 19 16
9.768630743026733   : 68 10 ef 68 84 01 34 88 16
9.869292497634888   : 68 20 df 68 02 02 38 3b 46 16
9.901356220245361   : 68 20 df 68 82 0c 63 59 6f 34 33 4c 33 33 33 33 3b 33 75 16
9.933515310287476   : 68 10 ef 68 04 0f 37 33 34 33 34 33 33 33 33 33 66 33 33 34 33 19 16
9.975315570831299   : 68 10 ef 68 84 01 34 88 16
10.068804025650024  : 68 20 df 68 02 02 38 3b 46 16
10.100336074829102  : 68 20 df 68 82 0c 63 59 6f 34 33 4c 33 33 33 33 3b 33 75 16
10.142593145370483  : 68 10 ef 68 04 0f 37 33 34 33 34 33 33 33 33 33 66 33 33 34 33 19 16
10.17513632774353   : 68 10 ef 68 84 01 34 88 16
10.275052547454834  : 68 20 df 68 02 02 38 3b 46 16
10.295796871185303  : 68 20 df 68 82 0c 63 59 6f 34 33 4c 33 33 33 33 3b 33 75 16
10.337364912033081  : 68 10 ef 68 04 0f 37 33 34 33 34 33 33 33 33 33 66 33 33 34 33 19 16
10.375513076782227  : 68 10 ef 68 84 01 34 88 16
10.47734808921814   : 68 20 df 68 02 02 38 3b 46 16
10.498696565628052  : 68 20 df 68 82 0c 63 59 6f 34 33 4c 33 33 33 33 3b 33 75 16
10.540873765945435  : 68 10 ef 68 04 0f 37 33 34 33 34 33 33 33 33 33 66 33 33 34 33 19 16
10.56853723526001   : 68 10 ef 68 84 01 34 88 16
10.669135808944702  : 68 20 df 68 02 02 38 3b 46 16
10.700579404830933  : 68 20 df 68 82 0c 63 59 6f 34 33 4c 33 33 33 33 3b 33 75 16
10.742562294006348  : 68 10 ef 68 04 0f 37 33 34 33 34 33 33 33 33 33 66 33 33 34 33 19 16
10.774742126464844  : 68 10 ef 68 84 01 34 88 16
10.87668752670288   : 68 20 df 68 02 02 38 3b 46 16
10.898313760757446  : 68 20 df 68 82 0c 63 59 6f 34 33 4c 33 33 33 33 3b 33 75 16
10.941512823104858  : 68 10 ef 68 04 0f 37 33 34 33 34 33 33 33 33 33 66 33 33 34 33 19 16
10.97374939918518   : 68 10 ef 68 84 01 34 88 16
11.068559885025024  : 68 20 df 68 02 02 38 3b 46 16
11.101022958755493  : 68 20 df 68 82 0c 63 59 6f 34 33 4c 33 33 33 33 3b 33 75 16
11.143726110458374  : 68 10 ef 68 04 0f 37 33 34 33 34 33 33 33 33 33 66 33 33 34 33 19 16
11.175976276397705  : 68 10 ef 68 84 01 34 88 16
11.269027709960938  : 68 20 df 68 02 02 38 3b 46 16
11.300636053085327  : 68 20 df 68 82 0c 63 59 6f 34 33 4c 33 33 33 33 3b 33 75 16
11.342484951019287  : 68 10 ef 68 04 0f 37 33 34 33 34 33 33 33 33 33 66 33 33 34 33 19 16
11.375203609466553  : 68 10 ef 68 84 01 34 88 16
11.476256370544434  : 68 20 df 68 02 02 38 3b 46 16
11.497843503952026  : 68 20 df 68 82 0c 63 59 6f 34 33 4c 33 33 33 33 3b 33 75 16
11.540282964706421  : 68 10 ef 68 04 0f 37 33 34 33 34 33 33 33 33 33 66 33 33 34 33 19 16
11.572544813156128  : 68 10 ef 68 84 01 34 88 16
11.673640012741089  : 68 20 df 68 02 02 38 3b 46 16
11.695123672485352  : 68 20 df 68 82 0c 63 59 6f 34 33 4c 33 33 33 33 3b 33 75 16
11.737958431243896  : 68 10 ef 68 04 0f 37 33 34 33 34 33 33 33 33 33 66 33 33 34 33 19 16
11.774778127670288  : 68 10 ef 68 84 01 34 88 16
